chr3	49352623	49352956	0.2779
chr3	49352956	49353290	0.1526
chr3	49353290	49353624	0.087
chr3	49353624	49353957	0.1638
chr3	49353957	49354290	0.016
chr3	49354290	49354623	0.1695
chr3	49354623	49354956	0.0614
chr3	49354956	49355289	0.1184
chr3	49355289	49355622	0.3293
chr3	49355623	49355956	0.3957
chr3	49355956	49356290	0.3021
chr3	49356290	49356624	0.6427
chr3	49356624	49356957	0.3186
chr3	49356957	49357290	0.6264
chr3	49357290	49357623	0.1975
chr3	49357623	49357956	0.0218
chr3	49357956	49358289	0.0043
chr3	49358289	49358622	0.0261
chr3	49358623	49358956	0.1154
chr3	49358956	49359290	0.9659
chr3	49359290	49359624	0.5664
chr3	49359624	49359957	0.7909
chr3	49359957	49360290	0.5594
chr3	49360290	49360623	0.4493
chr3	49360623	49360956	0.599
chr3	49360956	49361289	0.3422
chr3	49361289	49361622	0.2489
chr3	49361623	49361956	0.5402
chr3	49361956	49362290	0.234
chr3	49362290	49362624	0.4099
chr3	49362624	49362957	0.6093
chr3	49362957	49363290	0.3369
chr3	49363290	49363623	0.3039
chr3	49363623	49363956	0.3017
chr3	49363956	49364289	0.3445
chr3	49364289	49364622	0.2977
chr3	49364623	49364932	0.3567
chr3	49364932	49365242	0.1331
chr3	49365242	49365551	0.1638
chr3	49365551	49365860	0.1588
chr3	49365860	49366169	0.0215
chr5	58391722	58392056	0.897
chr5	58392056	58392390	0.9432
chr5	58392390	58392723	0.8918
chr5	58392723	58393056	0.8834
chr5	58393056	58393389	0.9308
chr5	58393722	58394055	0.8691
chr5	58394055	58394388	0.8937
chr7	140775214	140775547	0.0646
chr7	140775547	140775881	0.2849
chr7	140776215	140776548	0.163
chr7	140776881	140777214	0.2236
chr7	140777214	140777547	0.1657
chr7	140777547	140777880	0.151
chr7	140778547	140778881	0.5187
chr7	140778881	140779215	0.4982
chr7	140779548	140779881	0.2467
chr7	140779881	140780214	0.1738
chr7	140780214	140780547	0.301
chr7	140780880	140781213	0.3835
chr7	140781214	140781547	0.3528
chr7	140781547	140781881	0.2555
chr7	140782215	140782548	0.4298
chr7	140782548	140782881	0.3481
chr7	140782881	140783214	0.428
chr7	140783547	140783880	0.8251
chr7	140784214	140784547	0.2499
chr7	140784547	140784880	0.142
chr7	140784880	140785213	0.0404
chr7	140785213	140785546	0.2032
chr7	140785546	140785879	0.1414
chr7	140785879	140786212	0.5814
chr7	140786545	140786878	0.351
chr7	140786878	140787211	0.0174
chr7	154602967	154603300	0.1495
chr7	154603300	154603634	0.42
chr7	154603634	154603968	0.2774
chr7	154603968	154604301	0.6643
chr7	154604634	154604967	0.7772
chr7	154604967	154605300	0.5401
chr7	154605300	154605633	0.6005
chr7	154605633	154605966	0.6281
chr7	154608967	154609300	0.2588
chr7	154609300	154609634	0.5477
chr7	154609634	154609968	0.3758
chr7	154609968	154610301	0.3838
chr7	154610301	154610634	0.3975
chr7	154610634	154610967	0.3529
chr7	154610967	154611300	0.1523
chr7	154611300	154611633	0.2068
chr7	154611967	154612302	0.676
chr7	154612302	154612638	0.7361
chr7	154612638	154612973	0.6541
chr7	154612973	154613308	0.6414
chr7	154613308	154613643	0.6796
chr7	154613643	154613978	0.7047
chr9	35677525	35677858	0.6716
chr9	35677858	35678192	0.4424
chr9	35678192	35678526	0.5535
chr9	35678526	35678859	0.7358
chr9	35678859	35679192	0.7022
chr9	35679192	35679525	0.6782
chr9	35679525	35679858	0.6489
chr9	35679858	35680191	0.4487
chr9	35680191	35680524	0.6984
chr9	35680525	35680858	0.3527
chr9	35680858	35681192	0.4169
chr9	35681192	35681526	0.3246
chr9	35681526	35681859	0.2881
chr9	35681859	35682192	0.7511
chr9	35682192	35682525	0.5035
chr9	35682525	35682858	0.4366
chr9	35682858	35683191	0.6312
chr9	35683191	35683524	0.3494
chr9	35683525	35683858	0.3034
chr9	35683858	35684192	0.6721
chr9	35684192	35684526	0.3153
chr9	35684526	35684859	0.2963
chr9	35684859	35685192	0.3085
chr9	35685192	35685525	0.3692
chr9	35685525	35685858	0.4036
chr9	35685858	35686191	0.4272
chr9	35686191	35686524	0.2545
chr9	35686525	35686858	0.7726
chr9	35686858	35687192	0.8192
chr9	35687192	35687526	0.8138
chr9	35687526	35687859	0.8239
chr9	35687859	35688192	0.8814
chr9	35688192	35688525	0.8856
chr9	35688525	35688858	0.8708
chr9	35688858	35689191	0.7116
chr9	35689191	35689524	0.5315
chr9	35689525	35689858	0.3104
chr9	35689858	35690192	0.1938
chr9	35690192	35690526	0.3304
chr9	35690526	35690859	0.1759
chr9	35690859	35691192	0.2296
chr9	35691192	35691525	0.3936
chr9	35691525	35691858	0.6109
chr9	35691858	35692191	0.6536
chr9	35692191	35692524	0.3641
chr9	35692525	35692858	0.1532
chr9	35692858	35693192	0.4513
chr9	35693192	35693526	0.4566
chr9	35693526	35693860	0.2237
chr9	35693860	35694194	0.2588
chr9	35694194	35694528	0.4171
chr9	35694528	35694862	0.34
chr9	35694862	35695195	0.2649
chr9	35695195	35695528	0.523
chr9	35695529	35695856	0.0001
chr9	35695856	35696184	0.0001
chr9	35696184	35696512	0.0001
chr9	35696512	35696839	0.0001
chr9	35696839	35697166	0.0001
chr11	67580032	67580365	0.4802
chr11	67580365	67580699	0.8663
chr11	67580699	67581033	0.8433
chr11	67581033	67581367	0.5234
chr11	67581367	67581701	0.8028
chr11	67581701	67582035	0.5139
chr11	67582035	67582369	0.5552
chr11	67582369	67582702	0.8756
chr11	67582702	67583035	0.5645
chr11	67583036	67583369	0.3642
chr11	67583369	67583703	0.0403
chr11	67583703	67584037	0.0067
chr11	67584037	67584370	0.0983
chr11	67584370	67584703	0.287
chr11	67584703	67585036	0.7828
chr11	67585036	67585369	0.2591
chr11	67585369	67585702	0.3134
chr11	67585702	67586035	0.3374
chr11	67586036	67586369	0.438
chr11	67586369	67586703	0.2284
chr11	67586703	67587037	0.4607
chr11	67587370	67587703	0.6015
chr11	67587703	67588036	0.1226
chr11	67588036	67588369	0.7436
chr11	67588369	67588702	0.7337
chr11	67588702	67589035	0.2494
chr11	67589036	67589369	0.6259
chr11	67589369	67589703	0.6762
chr11	67589703	67590037	0.7804
chr11	67590037	67590371	0.5969
chr11	67590371	67590705	0.6199
chr11	67590705	67591039	0.4006
chr11	67591039	67591373	0.5987
chr11	67591373	67591706	0.5897
chr11	67591706	67592039	0.7627
chr11	67592040	67592355	0.9242
chr11	67592355	67592671	0.6483
chr11	67592671	67592987	0.8558
chr11	67592987	67593302	0.8201
chr11	67593302	67593617	0.7239
chr11	67593617	67593932	0.945
chr11	67593932	67594247	0.7763
chr12	25237978	25238311	0.0769
chr12	25238311	25238645	0.075
chr12	25238979	25239312	0.091
chr12	25239312	25239645	0.0591
chr12	25239645	25239978	0.0348
chr12	25239978	25240311	0.0542
chr12	25240311	25240644	0.0717
chr12	25240978	25241311	0.1212
chr12	25241311	25241645	0.0615
chr12	25241645	25241979	0.0489
chr12	25241979	25242312	0.0317
chr12	25242312	25242645	0.0444
chr12	25242645	25242978	0.0566
chr12	25242978	25243311	0.0548
chr12	25243311	25243644	0.3477
chr12	25243978	25244311	0.0018
chr12	25244311	25244645	0.0007
chr12	25244645	25244979	0.0009
chr12	25244979	25245312	0.0007
chr12	25245312	25245645	0.1966
chr12	25245645	25245978	0.7111
chr12	25245978	25246311	0.01
chr12	25246311	25246644	0.0007
chr12	25246644	25246977	0.1234
chr12	25247310	25247643	0.0002
chr12	25247976	25248309	0.0047
chr12	25248309	25248642	0.0028
chr12	25248642	25248975	0.01
chr12	25248975	25249308	0.0012
chr12	25249308	25249641	0.0018
chr12	25249641	25249974	0.0078
chr12	25249975	25250308	0.2252
chr12	25250308	25250642	0.0003
chr12	25250642	25250976	0.0
chr12	25250976	25251309	0.0
chr12	25251309	25251642	0.003
chr12	25251642	25251975	0.5214
chr12	25251975	25252308	0.4442
chr12	25252308	25252641	0.2835
chr12	25252641	25252974	0.6259
chr12	25252975	25253323	0.8277
chr12	25253323	25253672	0.8305
chr12	25253672	25254021	0.8928
chr12	25254021	25254370	0.9154
chr16	67952369	67952702	0.0206
chr16	67952702	67953036	0.059
chr16	67953036	67953370	0.049
chr16	67953370	67953703	0.0883
chr16	67953703	67954036	0.1147
chr16	67954036	67954369	0.0291
chr16	67954369	67954702	0.0806
chr16	67954702	67955035	0.0287
chr16	67955035	67955368	0.0742
chr16	67955369	67955702	0.4091
chr16	67955702	67956036	0.3885
chr16	67956036	67956370	0.4145
chr16	67956370	67956703	0.4194
chr16	67956703	67957036	0.3279
chr16	67957036	67957369	0.5526
chr16	67957369	67957702	0.424
chr16	67957702	67958035	0.3975
chr16	67958035	67958368	0.4939
chr16	67958369	67958702	0.5764
chr16	67958702	67959036	0.1216
chr16	67959036	67959370	0.7127
chr16	67959370	67959703	0.5255
chr16	67959703	67960036	0.691
chr16	67960036	67960369	0.8762
chr16	67960369	67960702	0.5614
chr16	67960702	67961035	0.7274
chr16	67961035	67961368	0.8715
chr16	67961369	67961702	0.5012
chr16	67961702	67962036	0.3899
chr16	67962036	67962370	0.4225
chr16	67962370	67962703	0.551
chr16	67962703	67963036	0.4953
chr16	67963036	67963369	0.5941
chr16	67963369	67963702	0.7135
chr16	67963702	67964035	0.2513
chr16	67964035	67964368	0.1799
chr16	67964369	67964702	0.464
chr16	67964702	67965036	0.8562
chr16	67965036	67965370	0.2816
chr16	67965370	67965703	0.8238
chr16	67965703	67966036	0.554
chr16	67966036	67966369	0.5292
chr16	67966369	67966702	0.8495
chr16	67966702	67967035	0.7712
chr16	67967035	67967368	0.4813
chr16	67967369	67967702	0.4353
chr16	67967702	67968036	0.4593
chr16	67968036	67968370	0.0521
chr16	67968370	67968703	0.0042
chr16	67968703	67969036	0.1302
chr16	67969036	67969369	0.4051
chr16	67969369	67969702	0.2476
chr16	67969702	67970035	0.3221
chr16	67970035	67970368	0.5387
chr16	67970369	67970702	0.2914
chr16	67970702	67971036	0.1007
chr16	67971036	67971370	0.2488
chr16	67971370	67971703	0.2015
chr16	67971703	67972036	0.4128
chr16	67972036	67972369	0.1601
chr16	67972369	67972702	0.1019
chr16	67972702	67973035	0.1157
chr16	67973035	67973368	0.1831
chr16	67973369	67973702	0.3819
chr16	67973702	67974036	0.9506
chr16	67974036	67974370	0.5569
chr16	67974370	67974703	0.7578
chr16	67974703	67975036	0.9838
chr16	67975036	67975369	0.4603
chr16	67975369	67975702	0.8098
chr16	67975702	67976035	0.6787
chr16	67976035	67976368	0.6426
chr17	7666465	7666797	0.0684
chr17	7666797	7667130	0.0215
chr17	7667130	7667463	0.5009
chr17	7667463	7667796	0.4338
chr17	7667796	7668129	0.0776
chr17	7668129	7668462	0.0372
chr17	7668462	7668795	0.0523
chr17	7668795	7669128	0.2419
chr17	7669128	7669461	0.4813
chr17	7669462	7669795	0.1405
chr17	7669795	7670129	0.1638
chr17	7670129	7670463	0.1868
chr17	7670463	7670796	0.1054
chr17	7670796	7671129	0.204
chr17	7671129	7671462	0.2067
chr17	7671462	7671795	0.1959
chr17	7671795	7672128	0.2073
chr17	7672128	7672461	0.1177
chr17	7672795	7673129	0.2524
chr17	7673129	7673463	0.2052
chr17	7673463	7673796	0.2715
chr17	7673796	7674129	0.2366
chr17	7674129	7674462	0.2441
chr17	7674462	7674795	0.2056
chr17	7674795	7675128	0.2396
chr17	7675128	7675461	0.1601
chr17	7675462	7675795	0.256
chr17	7675795	7676129	0.0322
chr17	7676129	7676463	0.0945
chr17	7676463	7676796	0.0543
chr17	7676796	7677129	0.0825
chr17	7677129	7677462	0.034
chr17	7677462	7677795	0.2229
chr17	7677795	7678128	0.0786
chr17	7678128	7678461	0.1379
chr17	7678462	7678795	0.0581
chr17	7678795	7679129	0.0279
chr17	7679129	7679463	0.0704
chr17	7679463	7679796	0.15
chr17	7679796	7680129	0.2188
chr17	7680129	7680462	0.2602
chr17	7680462	7680795	0.0426
chr17	7680795	7681128	0.0469
chr17	7681128	7681461	0.1233
chr17	7681462	7681794	0.1337
chr17	7681794	7682126	0.0513
chr17	41517522	41517855	0.757
chr17	41517855	41518189	0.8506
chr17	41518189	41518523	0.6477
chr17	41518523	41518856	0.5657
chr17	41518856	41519189	0.6196
chr17	41519189	41519522	0.603
chr17	41519522	41519855	0.5966
chr17	41519855	41520188	0.4755
chr17	41520188	41520521	0.7441
chr17	41520522	41520855	0.9359
chr17	41520855	41521189	0.8718
chr17	41521189	41521523	0.7121
chr17	41521523	41521856	0.7394
chr17	41521856	41522189	0.548
chr17	41522189	41522522	0.5346
chr17	41522522	41522855	0.8869
chr17	41522855	41523188	0.6146
chr17	41523188	41523521	0.9281
chr17	41523522	41523854	0.5673
chr17	41523854	41524187	0.2225
chr17	41524187	41524519	0.3656
chr17	41524519	41524851	0.9212
chr17	41524851	41525183	0.3846
chr17	41525183	41525515	0.4097
chr17	41525515	41525847	0.8916
chr17	41525847	41526179	0.4048
chr17	41526179	41526511	0.1881
chr17	41526512	41526845	0.5346
chr17	41526845	41527179	0.5475
chr17	41527179	41527513	0.4285
chr17	41527513	41527846	0.2967
chr17	41527846	41528179	0.3067
chr17	41528179	41528512	0.3657
chr17	41528512	41528845	0.4224
chr17	41528845	41529178	0.6375
chr17	41529178	41529511	0.6291
chr17	41529512	41529845	0.6366
chr17	41529845	41530179	0.9722
chr17	41530179	41530513	0.9835
chr17	41530513	41530846	0.7045
chr17	41531179	41531512	0.7455
chr17	41531512	41531845	0.4619
chr17	41532178	41532511	0.9863
chr17	41532512	41532845	0.6757
chr17	41532845	41533178	0.633
chr17	41533178	41533511	0.7897
chr17	41533511	41533844	0.772
chr17	41533844	41534177	0.6143
chr17	41534177	41534510	0.5045
chr17	41534510	41534843	0.7907
chr17	41534843	41535176	0.7974
chr17	41535176	41535509	0.8364
