chr3	49352623	49352956	0.0053
chr3	49352956	49353290	0.0327
chr3	49353290	49353624	0.3015
chr3	49353624	49353957	0.326
chr3	49353957	49354290	0.2927
chr3	49354290	49354623	0.1433
chr3	49354623	49354956	0.3989
chr3	49354956	49355289	0.2257
chr3	49355289	49355622	0.0123
chr3	49355623	49355956	0.4417
chr3	49355956	49356290	0.3177
chr3	49356290	49356624	0.9405
chr3	49356624	49356957	0.3825
chr3	49356957	49357290	0.2074
chr3	49357290	49357623	0.0043
chr3	49357623	49357956	0.0
chr3	49357956	49358289	0.0
chr3	49358289	49358622	0.0001
chr3	49358623	49358956	0.0836
chr3	49358956	49359290	0.9565
chr3	49359290	49359624	0.4308
chr3	49359624	49359957	0.6851
chr3	49359957	49360290	0.4646
chr3	49360290	49360623	0.3872
chr3	49360623	49360956	0.5244
chr3	49360956	49361289	0.2508
chr3	49361289	49361622	0.1639
chr3	49361623	49361956	0.3
chr3	49361956	49362290	0.1758
chr3	49362290	49362624	0.2437
chr3	49362624	49362957	0.3377
chr3	49362957	49363290	0.2334
chr3	49363290	49363623	0.2152
chr3	49363623	49363956	0.1966
chr3	49363956	49364289	0.2451
chr3	49364289	49364622	0.2403
chr3	49364623	49364932	0.7152
chr3	49364932	49365242	0.3735
chr3	49365242	49365551	0.4886
chr3	49365551	49365860	0.3844
chr3	49365860	49366169	0.2631
chr7	140775214	140775547	0.2408
chr7	140775547	140775881	0.3469
chr7	140776215	140776548	0.1386
chr7	140776881	140777214	0.3116
chr7	140777214	140777547	0.1904
chr7	140777547	140777880	0.1743
chr7	140778547	140778881	0.3972
chr7	140778881	140779215	0.4005
chr7	140779548	140779881	0.5651
chr7	140779881	140780214	0.511
chr7	140780214	140780547	0.4742
chr7	140780880	140781213	0.4519
chr7	140781214	140781547	0.2937
chr7	140781547	140781881	0.0609
chr7	140782215	140782548	0.2371
chr7	140782548	140782881	0.2291
chr7	140782881	140783214	0.2151
chr7	140783547	140783880	0.4726
chr7	140784214	140784547	0.2416
chr7	140784547	140784880	0.1792
chr7	140784880	140785213	0.0498
chr7	140785213	140785546	0.2098
chr7	140785546	140785879	0.1366
chr7	140785879	140786212	0.5104
chr7	140786545	140786878	0.7475
chr7	140786878	140787211	0.0958
chr7	154593967	154594300	0.077
chr7	154594300	154594634	0.0281
chr7	154594634	154594968	0.0549
chr7	154594968	154595301	0.1448
chr7	154595301	154595634	0.1279
chr7	154595634	154595967	0.1086
chr7	154595967	154596300	0.0934
chr7	154596300	154596633	0.0451
chr7	154596633	154596966	0.1005
chr7	154597300	154597634	0.5378
chr7	154597634	154597968	0.5234
chr7	154597968	154598301	0.7423
chr7	154598301	154598634	0.7093
chr7	154598634	154598967	0.8236
chr7	154598967	154599300	0.596
chr7	154599300	154599633	0.5745
chr7	154599633	154599966	0.6951
chr7	154599967	154600300	0.8172
chr7	154600300	154600634	0.8808
chr7	154600634	154600968	0.8725
chr7	154600968	154601301	0.9946
chr7	154601301	154601634	0.9999
chr7	154601634	154601967	0.8325
chr7	154601967	154602300	0.9999
chr7	154602300	154602633	0.9788
chr7	154602633	154602966	0.9713
chr7	154602967	154603300	0.4454
chr7	154603300	154603634	0.4103
chr7	154603634	154603968	0.4535
chr7	154603968	154604301	0.5695
chr7	154604634	154604967	0.6332
chr7	154604967	154605300	0.7265
chr7	154605300	154605633	0.7625
chr7	154605633	154605966	0.7515
chr7	154606300	154606634	0.4871
chr7	154606634	154606968	0.9457
chr7	154606968	154607301	0.8347
chr7	154607301	154607634	0.909
chr7	154607634	154607967	0.9966
chr7	154607967	154608300	0.8515
chr7	154608300	154608633	0.8869
chr7	154608633	154608966	0.9352
chr7	154608967	154609300	0.8739
chr7	154609300	154609634	0.981
chr7	154609634	154609968	0.8719
chr7	154609968	154610301	0.8906
chr7	154610301	154610634	0.8545
chr7	154610634	154610967	0.7879
chr7	154610967	154611300	0.5292
chr7	154611300	154611633	0.6987
chr7	154611967	154612302	0.9896
chr7	154612302	154612638	0.8156
chr7	154612638	154612973	0.9965
chr7	154612973	154613308	0.9921
chr7	154613308	154613643	0.7156
chr7	154613643	154613978	0.5969
chr9	35677525	35677858	0.6227
chr9	35677858	35678192	0.285
chr9	35678192	35678526	0.3998
chr9	35678526	35678859	0.7482
chr9	35678859	35679192	0.6636
chr9	35679192	35679525	0.6175
chr9	35679525	35679858	0.5521
chr9	35679858	35680191	0.3397
chr9	35680191	35680524	0.6741
chr9	35680525	35680858	0.5359
chr9	35680858	35681192	0.7758
chr9	35681192	35681526	0.817
chr9	35681526	35681859	0.8192
chr9	35681859	35682192	0.3617
chr9	35682192	35682525	0.6604
chr9	35682525	35682858	0.7633
chr9	35682858	35683191	0.6022
chr9	35683191	35683524	0.8066
chr9	35683525	35683858	0.1373
chr9	35683858	35684192	0.0143
chr9	35684192	35684526	0.1918
chr9	35684526	35684859	0.2435
chr9	35684859	35685192	0.2887
chr9	35685192	35685525	0.4329
chr9	35685525	35685858	0.3861
chr9	35685858	35686191	0.2397
chr9	35686191	35686524	0.2489
chr9	35686525	35686858	0.8858
chr9	35686858	35687192	0.7917
chr9	35687192	35687526	0.9527
chr9	35687526	35687859	0.9551
chr9	35687859	35688192	0.7301
chr9	35688192	35688525	0.9281
chr9	35688525	35688858	0.9382
chr9	35688858	35689191	0.9861
chr9	35689191	35689524	0.5504
chr9	35689525	35689858	0.2732
chr9	35689858	35690192	0.0493
chr9	35690192	35690526	0.1022
chr9	35690526	35690859	0.0416
chr9	35690859	35691192	0.1004
chr9	35691192	35691525	0.47
chr9	35691525	35691858	0.5092
chr9	35691858	35692191	0.4932
chr9	35692191	35692524	0.2275
chr9	35692525	35692858	0.6258
chr9	35692858	35693192	0.4341
chr9	35693192	35693526	0.4262
chr9	35693526	35693860	0.4968
chr9	35693860	35694194	0.5492
chr9	35694194	35694528	0.5038
chr9	35694528	35694862	0.5728
chr9	35694862	35695195	0.7191
chr9	35695195	35695528	0.6938
chr9	35695529	35695856	0.005
chr9	35695856	35696184	0.0007
chr9	35696184	35696512	0.0052
chr9	35696512	35696839	0.0022
chr9	35696839	35697166	0.0034
chr11	67577032	67577365	0.8014
chr11	67577365	67577699	0.4672
chr11	67577699	67578033	0.6666
chr11	67578033	67578366	0.7693
chr11	67578366	67578699	0.8948
chr11	67578699	67579032	0.6541
chr11	67579032	67579365	0.8391
chr11	67579365	67579698	0.6446
chr11	67579698	67580031	0.9068
chr11	67580032	67580365	0.7338
chr11	67580365	67580699	0.937
chr11	67580699	67581033	0.9272
chr11	67581033	67581367	0.7065
chr11	67581367	67581701	0.9342
chr11	67581701	67582035	0.7482
chr11	67582035	67582369	0.7519
chr11	67582369	67582702	0.9506
chr11	67582702	67583035	0.7199
chr11	67583036	67583369	0.328
chr11	67583369	67583703	0.0462
chr11	67583703	67584037	0.009
chr11	67584037	67584370	0.1113
chr11	67584370	67584703	0.2511
chr11	67584703	67585036	0.7844
chr11	67585036	67585369	0.371
chr11	67585369	67585702	0.443
chr11	67585702	67586035	0.5402
chr11	67586036	67586369	0.1323
chr11	67586369	67586703	0.2541
chr11	67586703	67587037	0.3539
chr11	67587370	67587703	0.5748
chr11	67587703	67588036	0.5569
chr11	67588036	67588369	0.3686
chr11	67588369	67588702	0.4216
chr11	67588702	67589035	0.2231
chr11	67589036	67589369	0.4044
chr11	67589369	67589703	0.3269
chr11	67589703	67590037	0.3071
chr11	67590037	67590371	0.3808
chr11	67590371	67590705	0.639
chr11	67590705	67591039	0.5812
chr11	67591039	67591373	0.5775
chr11	67591373	67591706	0.3509
chr11	67591706	67592039	0.3211
chr11	67592040	67592355	0.8978
chr11	67592355	67592671	0.2981
chr11	67592671	67592987	0.8154
chr11	67592987	67593302	0.6105
chr11	67593302	67593617	0.33
chr11	67593617	67593932	0.7482
chr11	67593932	67594247	0.9183
chr12	25237978	25238311	0.2149
chr12	25238311	25238645	0.1988
chr12	25238979	25239312	0.1823
chr12	25239312	25239645	0.2845
chr12	25239645	25239978	0.2103
chr12	25239978	25240311	0.3214
chr12	25240311	25240644	0.2115
chr12	25243978	25244311	0.5744
chr12	25244311	25244645	0.3625
chr12	25244645	25244979	0.4186
chr12	25244979	25245312	0.3304
chr12	25245312	25245645	0.5667
chr12	25245645	25245978	0.4999
chr12	25245978	25246311	0.2431
chr12	25246311	25246644	0.1088
chr12	25246644	25246977	0.3176
chr12	25247310	25247643	0.0065
chr12	25247976	25248309	0.106
chr12	25248309	25248642	0.0627
chr12	25248642	25248975	0.2614
chr12	25248975	25249308	0.0249
chr12	25249308	25249641	0.0419
chr12	25249641	25249974	0.2984
chr12	25249975	25250308	0.1221
chr12	25250308	25250642	0.0
chr12	25250642	25250976	0.0
chr12	25250976	25251309	0.0
chr12	25251309	25251642	0.0002
chr12	25251642	25251975	0.4039
chr12	25251975	25252308	0.1773
chr12	25252308	25252641	0.0548
chr12	25252641	25252974	0.1629
chr12	25252975	25253323	0.2949
chr12	25253323	25253672	0.3169
chr12	25253672	25254021	0.3668
chr12	25254021	25254370	0.2076
chr16	67952369	67952702	0.348
chr16	67952702	67953036	0.3388
chr16	67953036	67953370	0.3512
chr16	67953370	67953703	0.3609
chr16	67953703	67954036	0.3608
chr16	67954036	67954369	0.3753
chr16	67954369	67954702	0.3578
chr16	67954702	67955035	0.3692
chr16	67955035	67955368	0.3561
chr16	67955369	67955702	0.2598
chr16	67955702	67956036	0.2367
chr16	67956036	67956370	0.214
chr16	67956370	67956703	0.2962
chr16	67956703	67957036	0.3437
chr16	67957036	67957369	0.1254
chr16	67957369	67957702	0.2155
chr16	67957702	67958035	0.2673
chr16	67958035	67958368	0.2819
chr16	67958369	67958702	0.0483
chr16	67958702	67959036	0.0278
chr16	67959036	67959370	0.0862
chr16	67959370	67959703	0.0715
chr16	67959703	67960036	0.0946
chr16	67960036	67960369	0.1285
chr16	67960369	67960702	0.0651
chr16	67960702	67961035	0.078
chr16	67961035	67961368	0.1023
chr16	67961369	67961702	0.5135
chr16	67961702	67962036	0.6046
chr16	67962036	67962370	0.6788
chr16	67962370	67962703	0.6815
chr16	67962703	67963036	0.7073
chr16	67963036	67963369	0.7325
chr16	67963369	67963702	0.9998
chr16	67963702	67964035	0.247
chr16	67964035	67964368	0.2719
chr16	67964369	67964702	0.4841
chr16	67964702	67965036	0.9543
chr16	67965036	67965370	0.5405
chr16	67965370	67965703	0.988
chr16	67965703	67966036	0.7741
chr16	67966036	67966369	0.764
chr16	67966369	67966702	0.9801
chr16	67966702	67967035	0.9513
chr16	67967035	67967368	0.6445
chr16	67967369	67967702	0.3659
chr16	67967702	67968036	0.4518
chr16	67968036	67968370	0.0432
chr16	67968370	67968703	0.0029
chr16	67968703	67969036	0.1077
chr16	67969036	67969369	0.4069
chr16	67969369	67969702	0.2152
chr16	67969702	67970035	0.2703
chr16	67970035	67970368	0.4687
chr16	67970369	67970702	0.5654
chr16	67970702	67971036	0.5991
chr16	67971036	67971370	0.4961
chr16	67971370	67971703	0.2084
chr16	67971703	67972036	0.5966
chr16	67972036	67972369	0.5572
chr16	67972369	67972702	0.4611
chr16	67972702	67973035	0.4623
chr16	67973035	67973368	0.3706
chr16	67973369	67973702	0.4283
chr16	67973702	67974036	0.9763
chr16	67974036	67974370	0.6656
chr16	67974370	67974703	0.8157
chr16	67974703	67975036	0.9768
chr16	67975036	67975369	0.5515
chr16	67975369	67975702	0.8697
chr16	67975702	67976035	0.6744
chr16	67976035	67976368	0.6416
chr17	7666465	7666797	0.4843
chr17	7666797	7667130	0.2264
chr17	7667130	7667463	0.6369
chr17	7667463	7667796	0.6244
chr17	7667796	7668129	0.5025
chr17	7668129	7668462	0.3908
chr17	7668462	7668795	0.4121
chr17	7668795	7669128	0.5749
chr17	7669128	7669461	0.6333
chr17	7669462	7669795	0.287
chr17	7669795	7670129	0.2278
chr17	7670129	7670463	0.2764
chr17	7670463	7670796	0.0964
chr17	7670796	7671129	0.3478
chr17	7671129	7671462	0.2752
chr17	7671462	7671795	0.2583
chr17	7671795	7672128	0.3182
chr17	7672128	7672461	0.1727
chr17	7672795	7673129	0.2986
chr17	7673129	7673463	0.2803
chr17	7673463	7673796	0.2959
chr17	7673796	7674129	0.2714
chr17	7674129	7674462	0.2571
chr17	7674462	7674795	0.2432
chr17	7674795	7675128	0.2411
chr17	7675128	7675461	0.2495
chr17	7675462	7675795	0.3662
chr17	7675795	7676129	0.0534
chr17	7676129	7676463	0.1487
chr17	7676463	7676796	0.0833
chr17	7676796	7677129	0.1367
chr17	7677129	7677462	0.0558
chr17	7677462	7677795	0.3231
chr17	7677795	7678128	0.1237
chr17	7678128	7678461	0.2128
chr17	7678462	7678795	0.1964
chr17	7678795	7679129	0.1204
chr17	7679129	7679463	0.1718
chr17	7679463	7679796	0.2155
chr17	7679796	7680129	0.1912
chr17	7680129	7680462	0.2805
chr17	7680462	7680795	0.1185
chr17	7680795	7681128	0.1417
chr17	7681128	7681461	0.3973
chr17	7681462	7681794	0.1752
chr17	7681794	7682126	0.0627
