chr3	49352623	49352956	0.9913
chr3	49352956	49353290	0.9788
chr3	49353290	49353624	0.9325
chr3	49353624	49353957	0.7171
chr3	49353957	49354290	0.7449
chr3	49354290	49354623	0.811
chr3	49354623	49354956	0.8779
chr3	49354956	49355289	0.9497
chr3	49355289	49355622	0.986
chr3	49355623	49355956	0.8788
chr3	49355956	49356290	0.8992
chr3	49356290	49356624	0.6454
chr3	49356624	49356957	0.8605
chr3	49356957	49357290	0.133
chr3	49357290	49357623	0.0009
chr3	49357623	49357956	0.0
chr3	49357956	49358289	0.0
chr3	49358289	49358622	0.0
chr3	49358623	49358956	0.0306
chr3	49358956	49359290	0.3757
chr3	49359290	49359624	0.9062
chr3	49359624	49359957	0.8168
chr3	49359957	49360290	0.866
chr3	49360290	49360623	0.8419
chr3	49360623	49360956	0.8258
chr3	49360956	49361289	0.9428
chr3	49361289	49361622	0.9393
chr3	49361623	49361956	0.9265
chr3	49361956	49362290	0.9616
chr3	49362290	49362624	0.94
chr3	49362624	49362957	0.9201
chr3	49362957	49363290	0.9541
chr3	49363290	49363623	0.9599
chr3	49363623	49363956	0.9662
chr3	49363956	49364289	0.9594
chr3	49364289	49364622	0.9604
chr3	49364623	49364932	0.859
chr3	49364932	49365242	0.959
chr3	49365242	49365551	0.9262
chr3	49365551	49365860	0.9475
chr3	49365860	49366169	0.975
chr5	58382389	58382722	0.9043
chr5	58382722	58383056	0.86
chr5	58383390	58383723	0.959
chr5	58383723	58384056	0.8936
chr5	58384056	58384389	0.8884
chr5	58384389	58384722	0.8521
chr5	58384722	58385055	0.7409
chr5	58385055	58385388	0.9122
chr5	58385389	58385722	0.8072
chr5	58385722	58386056	0.782
chr5	58386056	58386390	0.7301
chr5	58386390	58386723	0.7235
chr5	58386723	58387056	0.7303
chr5	58387056	58387389	0.7579
chr5	58387389	58387722	0.7506
chr5	58387722	58388055	0.7307
chr5	58388055	58388388	0.7249
chr5	58388389	58388722	0.783
chr5	58388722	58389056	0.807
chr5	58389056	58389390	0.7971
chr5	58389390	58389723	0.8566
chr5	58389723	58390056	0.9239
chr5	58390056	58390389	0.8634
chr5	58390389	58390722	0.8215
chr5	58390722	58391055	0.844
chr5	58391055	58391388	0.9297
chr5	58391722	58392056	0.8696
chr5	58392056	58392390	0.8143
chr5	58392390	58392723	0.8648
chr5	58392723	58393056	0.876
chr5	58393056	58393389	0.8391
chr5	58393722	58394055	0.864
chr5	58394055	58394388	0.8628
chr7	140775214	140775547	0.9501
chr7	140775547	140775881	0.7894
chr7	140776215	140776548	0.9402
chr7	140776881	140777214	0.8963
chr7	140777214	140777547	0.9298
chr7	140777547	140777880	0.9358
chr7	140778547	140778881	0.9553
chr7	140778881	140779215	0.9617
chr7	140779548	140779881	0.9707
chr7	140779881	140780214	0.9708
chr7	140780214	140780547	0.9548
chr7	140780880	140781213	0.9368
chr7	140781214	140781547	0.9518
chr7	140781547	140781881	0.9878
chr7	140782215	140782548	0.9606
chr7	140782548	140782881	0.9601
chr7	140782881	140783214	0.9612
chr7	140783547	140783880	0.9361
chr7	140784214	140784547	0.9785
chr7	140784547	140784880	0.9842
chr7	140784880	140785213	0.996
chr7	140785213	140785546	0.9754
chr7	140785546	140785879	0.9871
chr7	140785879	140786212	0.9361
chr7	140786545	140786878	0.8501
chr7	140786878	140787211	0.9874
chr7	154593967	154594300	0.0165
chr7	154594300	154594634	0.002
chr7	154594634	154594968	0.0074
chr7	154594968	154595301	0.0297
chr7	154595301	154595634	0.0271
chr7	154595634	154595967	0.0219
chr7	154595967	154596300	0.0184
chr7	154596300	154596633	0.0088
chr7	154596633	154596966	0.0193
chr7	154597300	154597634	0.1501
chr7	154597634	154597968	0.1298
chr7	154597968	154598301	0.2094
chr7	154598301	154598634	0.2444
chr7	154598634	154598967	0.2789
chr7	154598967	154599300	0.1905
chr7	154599300	154599633	0.1641
chr7	154599633	154599966	0.1892
chr7	154599967	154600300	0.1483
chr7	154600300	154600634	0.191
chr7	154600634	154600968	0.2546
chr7	154600968	154601301	0.3547
chr7	154601301	154601634	0.4295
chr7	154601634	154601967	0.6709
chr7	154601967	154602300	0.429
chr7	154602300	154602633	0.3201
chr7	154602633	154602966	0.3204
chr7	154602967	154603300	0.1721
chr7	154603300	154603634	0.092
chr7	154603634	154603968	0.1365
chr7	154603968	154604301	0.1278
chr7	154604634	154604967	0.1257
chr7	154604967	154605300	0.2062
chr7	154605300	154605633	0.2163
chr7	154605633	154605966	0.2039
chr7	154606300	154606634	0.139
chr7	154606634	154606968	0.3637
chr7	154606968	154607301	0.5039
chr7	154607301	154607634	0.5664
chr7	154607634	154607967	0.4846
chr7	154607967	154608300	0.2463
chr7	154608300	154608633	0.2858
chr7	154608633	154608966	0.324
chr7	154608967	154609300	0.3734
chr7	154609300	154609634	0.4182
chr7	154609634	154609968	0.2855
chr7	154609968	154610301	0.3009
chr7	154610301	154610634	0.2769
chr7	154610634	154610967	0.232
chr7	154610967	154611300	0.1442
chr7	154611300	154611633	0.1615
chr7	154611967	154612302	0.4918
chr7	154612302	154612638	0.4716
chr7	154612638	154612973	0.4797
chr7	154612973	154613308	0.4548
chr7	154613308	154613643	0.2373
chr7	154613643	154613978	0.2059
chr9	35677525	35677858	0.8405
chr9	35677858	35678192	0.9157
chr9	35678192	35678526	0.8855
chr9	35678526	35678859	0.7947
chr9	35678859	35679192	0.8124
chr9	35679192	35679525	0.832
chr9	35679525	35679858	0.8474
chr9	35679858	35680191	0.9012
chr9	35680191	35680524	0.8236
chr9	35680525	35680858	0.8158
chr9	35680858	35681192	0.7444
chr9	35681192	35681526	0.7268
chr9	35681526	35681859	0.7253
chr9	35681859	35682192	0.8418
chr9	35682192	35682525	0.77
chr9	35682525	35682858	0.7505
chr9	35682858	35683191	0.7969
chr9	35683191	35683524	0.7322
chr9	35683525	35683858	0.9625
chr9	35683858	35684192	0.9932
chr9	35684192	35684526	0.9502
chr9	35684526	35684859	0.9399
chr9	35684859	35685192	0.9314
chr9	35685192	35685525	0.9057
chr9	35685525	35685858	0.9148
chr9	35685858	35686191	0.9419
chr9	35686191	35686524	0.9384
chr9	35686525	35686858	0.5661
chr9	35686858	35687192	0.6189
chr9	35687192	35687526	0.6051
chr9	35687526	35687859	0.6137
chr9	35687859	35688192	0.6921
chr9	35688192	35688525	0.6516
chr9	35688525	35688858	0.6389
chr9	35688858	35689191	0.5187
chr9	35689191	35689524	0.1781
chr9	35689525	35689858	0.1199
chr9	35689858	35690192	0.0057
chr9	35690192	35690526	0.0117
chr9	35690526	35690859	0.0054
chr9	35690859	35691192	0.0226
chr9	35691192	35691525	0.4867
chr9	35691525	35691858	0.827
chr9	35691858	35692191	0.8866
chr9	35692191	35692524	0.9496
chr9	35692525	35692858	0.8774
chr9	35692858	35693192	0.8115
chr9	35693192	35693526	0.8786
chr9	35693526	35693860	0.9132
chr9	35693860	35694194	0.888
chr9	35694194	35694528	0.842
chr9	35694528	35694862	0.795
chr9	35694862	35695195	0.8071
chr9	35695195	35695528	0.7654
chr9	35695529	35695856	1.0
chr9	35695856	35696184	1.0
chr9	35696184	35696512	1.0
chr9	35696512	35696839	1.0
chr9	35696839	35697166	1.0
chr11	67577032	67577365	0.7099
chr11	67577365	67577699	0.8469
chr11	67577699	67578033	0.7863
chr11	67578033	67578366	0.6852
chr11	67578366	67578699	0.6661
chr11	67578699	67579032	0.7371
chr11	67579032	67579365	0.6989
chr11	67579365	67579698	0.697
chr11	67579698	67580031	0.6411
chr11	67580032	67580365	0.6173
chr11	67580365	67580699	0.5546
chr11	67580699	67581033	0.5564
chr11	67581033	67581367	0.5998
chr11	67581367	67581701	0.6078
chr11	67581701	67582035	0.6582
chr11	67582035	67582369	0.612
chr11	67582369	67582702	0.5701
chr11	67582702	67583035	0.6643
chr11	67583036	67583369	0.9906
chr11	67583369	67583703	0.995
chr11	67583703	67584037	0.9977
chr11	67584037	67584370	0.9905
chr11	67584370	67584703	0.9941
chr11	67584703	67585036	0.9764
chr11	67585036	67585369	0.9962
chr11	67585369	67585702	0.9901
chr11	67585702	67586035	0.9885
chr11	67586036	67586369	0.9188
chr11	67586369	67586703	0.9641
chr11	67586703	67587037	0.89
chr11	67587370	67587703	0.8394
chr11	67587703	67588036	0.9721
chr11	67588036	67588369	0.7945
chr11	67588369	67588702	0.7985
chr11	67588702	67589035	0.9559
chr11	67589036	67589369	0.9054
chr11	67589369	67589703	0.9249
chr11	67589703	67590037	0.9301
chr11	67590037	67590371	0.9112
chr11	67590371	67590705	0.8348
chr11	67590705	67591039	0.8509
chr11	67591039	67591373	0.8572
chr11	67591373	67591706	0.9168
chr11	67591706	67592039	0.9263
chr11	67592040	67592355	0.7008
chr11	67592355	67592671	0.8426
chr11	67592671	67592987	0.7349
chr11	67592987	67593302	0.7674
chr11	67593302	67593617	0.8292
chr11	67593617	67593932	0.6957
chr11	67593932	67594247	0.5216
chr12	25237978	25238311	0.9308
chr12	25238311	25238645	0.9325
chr12	25238979	25239312	0.9252
chr12	25239312	25239645	0.9386
chr12	25239645	25239978	0.9582
chr12	25239978	25240311	0.9408
chr12	25240311	25240644	0.9338
chr12	25240978	25241311	0.9775
chr12	25241311	25241645	0.9906
chr12	25241645	25241979	0.9928
chr12	25241979	25242312	0.9957
chr12	25242312	25242645	0.9936
chr12	25242645	25242978	0.9915
chr12	25242978	25243311	0.9918
chr12	25243311	25243644	0.8916
chr12	25243978	25244311	0.8671
chr12	25244311	25244645	0.9285
chr12	25244645	25244979	0.9131
chr12	25244979	25245312	0.9397
chr12	25245312	25245645	0.6497
chr12	25245645	25245978	0.5008
chr12	25245978	25246311	0.8417
chr12	25246311	25246644	0.9899
chr12	25246644	25246977	0.7989
chr12	25247310	25247643	0.9981
chr12	25247976	25248309	0.8894
chr12	25248309	25248642	0.8789
chr12	25248642	25248975	0.8348
chr12	25248975	25249308	0.9908
chr12	25249308	25249641	0.9813
chr12	25249641	25249974	0.6317
chr12	25249975	25250308	0.9841
chr12	25250308	25250642	0.9979
chr12	25250642	25250976	0.9961
chr12	25250976	25251309	0.9961
chr12	25251309	25251642	0.9974
chr12	25251642	25251975	0.9789
chr12	25251975	25252308	0.9892
chr12	25252308	25252641	0.9895
chr12	25252641	25252974	0.9763
chr12	25252975	25253323	0.8988
chr12	25253323	25253672	0.8974
chr12	25253672	25254021	0.8459
chr12	25254021	25254370	0.8074
chr16	67952369	67952702	0.9702
chr16	67952702	67953036	0.9501
chr16	67953036	67953370	0.9476
chr16	67953370	67953703	0.9269
chr16	67953703	67954036	0.9209
chr16	67954036	67954369	0.959
chr16	67954369	67954702	0.9304
chr16	67954702	67955035	0.9588
chr16	67955035	67955368	0.9317
chr16	67955369	67955702	0.9408
chr16	67955702	67956036	0.9508
chr16	67956036	67956370	0.9543
chr16	67956370	67956703	0.9257
chr16	67956703	67957036	0.9283
chr16	67957036	67957369	0.9661
chr16	67957369	67957702	0.9644
chr16	67957702	67958035	0.9377
chr16	67958035	67958368	0.9175
chr16	67958369	67958702	0.9902
chr16	67958702	67959036	0.9948
chr16	67959036	67959370	0.9801
chr16	67959370	67959703	0.9839
chr16	67959703	67960036	0.9775
chr16	67960036	67960369	0.9677
chr16	67960369	67960702	0.9848
chr16	67960702	67961035	0.9825
chr16	67961035	67961368	0.9757
chr16	67961369	67961702	0.5647
chr16	67961702	67962036	0.5777
chr16	67962036	67962370	0.5567
chr16	67962370	67962703	0.5585
chr16	67962703	67963036	0.5485
chr16	67963036	67963369	0.4997
chr16	67963369	67963702	0.5146
chr16	67963702	67964035	0.8741
chr16	67964035	67964368	0.8543
chr16	67964369	67964702	0.8134
chr16	67964702	67965036	0.6227
chr16	67965036	67965370	0.6006
chr16	67965370	67965703	0.5482
chr16	67965703	67966036	0.6308
chr16	67966036	67966369	0.6509
chr16	67966369	67966702	0.5732
chr16	67966702	67967035	0.5693
chr16	67967035	67967368	0.6946
chr16	67967369	67967702	0.8109
chr16	67967702	67968036	0.3878
chr16	67968036	67968370	0.0188
chr16	67968370	67968703	0.0006
chr16	67968703	67969036	0.0598
chr16	67969036	67969369	0.4309
chr16	67969369	67969702	0.7675
chr16	67969702	67970035	0.7652
chr16	67970035	67970368	0.7703
chr16	67970369	67970702	0.8638
chr16	67970702	67971036	0.8533
chr16	67971036	67971370	0.8752
chr16	67971370	67971703	0.9331
chr16	67971703	67972036	0.8596
chr16	67972036	67972369	0.8627
chr16	67972369	67972702	0.8783
chr16	67972702	67973035	0.8784
chr16	67973035	67973368	0.9093
chr16	67973369	67973702	0.7802
chr16	67973702	67974036	0.6212
chr16	67974036	67974370	0.7236
chr16	67974370	67974703	0.6785
chr16	67974703	67975036	0.6135
chr16	67975036	67975369	0.7532
chr16	67975369	67975702	0.659
chr16	67975702	67976035	0.6837
chr16	67976035	67976368	0.697
chr17	7666465	7666797	0.8766
chr17	7666797	7667130	0.9562
chr17	7667130	7667463	0.8795
chr17	7667463	7667796	0.8733
chr17	7667796	7668129	0.8928
chr17	7668129	7668462	0.911
chr17	7668462	7668795	0.9062
chr17	7668795	7669128	0.8778
chr17	7669128	7669461	0.8754
chr17	7669462	7669795	0.9239
chr17	7669795	7670129	0.9655
chr17	7670129	7670463	0.955
chr17	7670463	7670796	0.993
chr17	7670796	7671129	0.9315
chr17	7671129	7671462	0.9641
chr17	7671462	7671795	0.9699
chr17	7671795	7672128	0.938
chr17	7672128	7672461	0.9709
chr17	7672795	7673129	0.9576
chr17	7673129	7673463	0.9684
chr17	7673463	7673796	0.9496
chr17	7673796	7674129	0.9605
chr17	7674129	7674462	0.9645
chr17	7674462	7674795	0.9748
chr17	7674795	7675128	0.9669
chr17	7675128	7675461	0.9779
chr17	7675462	7675795	0.9151
chr17	7675795	7676129	0.9856
chr17	7676129	7676463	0.9587
chr17	7676463	7676796	0.9783
chr17	7676796	7677129	0.9552
chr17	7677129	7677462	0.9831
chr17	7677462	7677795	0.9266
chr17	7677795	7678128	0.9703
chr17	7678128	7678461	0.9362
chr17	7678462	7678795	0.9684
chr17	7678795	7679129	0.9829
chr17	7679129	7679463	0.9705
chr17	7679463	7679796	0.9632
chr17	7679796	7680129	0.9648
chr17	7680129	7680462	0.9465
chr17	7680462	7680795	0.9819
chr17	7680795	7681128	0.9761
chr17	7681128	7681461	0.9292
chr17	7681462	7681794	0.9515
chr17	7681794	7682126	0.9835
chr17	41517522	41517855	0.6567
chr17	41517855	41518189	0.7574
chr17	41518189	41518523	0.3117
chr17	41518523	41518856	0.2731
chr17	41518856	41519189	0.3953
chr17	41519189	41519522	0.2957
chr17	41519522	41519855	0.2395
chr17	41519855	41520188	0.2967
chr17	41520188	41520521	0.6519
chr17	41520522	41520855	0.5059
chr17	41520855	41521189	0.3792
chr17	41521189	41521523	0.3562
chr17	41521523	41521856	0.5367
chr17	41521856	41522189	0.4227
chr17	41522189	41522522	0.3614
chr17	41522522	41522855	0.3711
chr17	41522855	41523188	0.6158
chr17	41523188	41523521	0.2875
chr17	41523522	41523854	0.7497
chr17	41523854	41524187	0.6711
chr17	41524187	41524519	0.6928
chr17	41524519	41524851	0.6718
chr17	41524851	41525183	0.9391
chr17	41525183	41525515	0.8459
chr17	41525515	41525847	0.6555
chr17	41525847	41526179	0.8056
chr17	41526179	41526511	0.5995
chr17	41526512	41526845	0.859
chr17	41526845	41527179	0.8662
chr17	41527179	41527513	0.8908
chr17	41527513	41527846	0.9376
chr17	41527846	41528179	0.9663
chr17	41528179	41528512	0.9632
chr17	41528512	41528845	0.8639
chr17	41528845	41529178	0.8773
chr17	41529178	41529511	0.7998
chr17	41529512	41529845	0.3828
chr17	41529845	41530179	0.4658
chr17	41530179	41530513	0.51
chr17	41530513	41530846	0.5883
chr17	41531179	41531512	0.6125
chr17	41531512	41531845	0.6267
chr17	41532178	41532511	0.513
chr17	41532512	41532845	0.8111
chr17	41532845	41533178	0.8256
chr17	41533178	41533511	0.7599
chr17	41533511	41533844	0.7689
chr17	41533844	41534177	0.8369
chr17	41534177	41534510	0.8671
chr17	41534510	41534843	0.7675
chr17	41534843	41535176	0.7605
chr17	41535176	41535509	0.7348
