chr3	49352623	49352956	0.9938
chr3	49352956	49353290	0.9848
chr3	49353290	49353624	0.9562
chr3	49353624	49353957	0.7802
chr3	49353957	49354290	0.8495
chr3	49354290	49354623	0.8686
chr3	49354623	49354956	0.9581
chr3	49354956	49355289	0.9781
chr3	49355289	49355622	0.9865
chr3	49355623	49355956	0.9185
chr3	49355956	49356290	0.9335
chr3	49356290	49356624	0.7022
chr3	49356624	49356957	0.9162
chr3	49356957	49357290	0.1549
chr3	49357290	49357623	0.0006
chr3	49357623	49357956	0.0
chr3	49357956	49358289	0.0
chr3	49358289	49358622	0.0
chr3	49358623	49358956	0.0313
chr3	49358956	49359290	0.3834
chr3	49359290	49359624	0.9161
chr3	49359624	49359957	0.8301
chr3	49359957	49360290	0.8795
chr3	49360290	49360623	0.8603
chr3	49360623	49360956	0.8419
chr3	49360956	49361289	0.9507
chr3	49361289	49361622	0.9487
chr3	49361623	49361956	0.9342
chr3	49361956	49362290	0.9731
chr3	49362290	49362624	0.9515
chr3	49362624	49362957	0.9268
chr3	49362957	49363290	0.9689
chr3	49363290	49363623	0.9728
chr3	49363623	49363956	0.9785
chr3	49363956	49364289	0.9728
chr3	49364289	49364622	0.9738
chr3	49364623	49364932	0.9981
chr3	49364932	49365242	0.9998
chr3	49365242	49365551	0.9884
chr3	49365551	49365860	0.9997
chr3	49365860	49366169	1.0
chr7	140775214	140775547	0.8994
chr7	140775547	140775881	0.7581
chr7	140776215	140776548	0.9044
chr7	140776881	140777214	0.851
chr7	140777214	140777547	0.8886
chr7	140777547	140777880	0.8953
chr7	140778547	140778881	0.9899
chr7	140778881	140779215	0.991
chr7	140779548	140779881	0.9929
chr7	140779881	140780214	0.9954
chr7	140780214	140780547	0.9865
chr7	140780880	140781213	0.982
chr7	140781214	140781547	0.9872
chr7	140781547	140781881	0.9602
chr7	140782215	140782548	0.9867
chr7	140782548	140782881	0.9855
chr7	140782881	140783214	0.9893
chr7	140783547	140783880	0.9971
chr7	140784214	140784547	0.9347
chr7	140784547	140784880	0.9637
chr7	140784880	140785213	0.9911
chr7	140785213	140785546	0.9424
chr7	140785546	140785879	0.9658
chr7	140785879	140786212	0.8538
chr7	140786545	140786878	0.8425
chr7	140786878	140787211	0.9873
chr7	154593967	154594300	0.0258
chr7	154594300	154594634	0.0038
chr7	154594634	154594968	0.0136
chr7	154594968	154595301	0.0491
chr7	154595301	154595634	0.0441
chr7	154595634	154595967	0.0356
chr7	154595967	154596300	0.0324
chr7	154596300	154596633	0.0146
chr7	154596633	154596966	0.0315
chr7	154597300	154597634	0.1524
chr7	154597634	154597968	0.13
chr7	154597968	154598301	0.2184
chr7	154598301	154598634	0.2582
chr7	154598634	154598967	0.2953
chr7	154598967	154599300	0.1986
chr7	154599300	154599633	0.1689
chr7	154599633	154599966	0.1961
chr7	154599967	154600300	0.1064
chr7	154600300	154600634	0.1078
chr7	154600634	154600968	0.2499
chr7	154600968	154601301	0.3153
chr7	154601301	154601634	0.4559
chr7	154601634	154601967	0.692
chr7	154601967	154602300	0.4529
chr7	154602300	154602633	0.2894
chr7	154602633	154602966	0.311
chr7	154602967	154603300	0.2807
chr7	154603300	154603634	0.1044
chr7	154603634	154603968	0.1929
chr7	154603968	154604301	0.1399
chr7	154604634	154604967	0.1131
chr7	154604967	154605300	0.22
chr7	154605300	154605633	0.2257
chr7	154605633	154605966	0.2053
chr7	154606300	154606634	0.1652
chr7	154606634	154606968	0.3709
chr7	154606968	154607301	0.4811
chr7	154607301	154607634	0.5382
chr7	154607634	154607967	0.4764
chr7	154607967	154608300	0.2514
chr7	154608300	154608633	0.291
chr7	154608633	154608966	0.3278
chr7	154608967	154609300	0.48
chr7	154609300	154609634	0.462
chr7	154609634	154609968	0.2775
chr7	154609968	154610301	0.2995
chr7	154610301	154610634	0.2635
chr7	154610634	154610967	0.2045
chr7	154610967	154611300	0.1221
chr7	154611300	154611633	0.1259
chr7	154611967	154612302	0.4711
chr7	154612302	154612638	0.4439
chr7	154612638	154612973	0.4613
chr7	154612973	154613308	0.4397
chr7	154613308	154613643	0.2336
chr7	154613643	154613978	0.2019
chr9	35677525	35677858	0.8037
chr9	35677858	35678192	0.8157
chr9	35678192	35678526	0.8124
chr9	35678526	35678859	0.8407
chr9	35678859	35679192	0.8452
chr9	35679192	35679525	0.8273
chr9	35679525	35679858	0.8246
chr9	35679858	35680191	0.841
chr9	35680191	35680524	0.8191
chr9	35680525	35680858	0.8331
chr9	35680858	35681192	0.7522
chr9	35681192	35681526	0.7098
chr9	35681526	35681859	0.6825
chr9	35681859	35682192	0.8149
chr9	35682192	35682525	0.7578
chr9	35682525	35682858	0.7572
chr9	35682858	35683191	0.78
chr9	35683191	35683524	0.7178
chr9	35683525	35683858	0.9514
chr9	35683858	35684192	0.9869
chr9	35684192	35684526	0.938
chr9	35684526	35684859	0.9281
chr9	35684859	35685192	0.9202
chr9	35685192	35685525	0.9015
chr9	35685525	35685858	0.9093
chr9	35685858	35686191	0.931
chr9	35686191	35686524	0.927
chr9	35686525	35686858	0.6113
chr9	35686858	35687192	0.6708
chr9	35687192	35687526	0.6242
chr9	35687526	35687859	0.6245
chr9	35687859	35688192	0.7026
chr9	35688192	35688525	0.6436
chr9	35688525	35688858	0.6335
chr9	35688858	35689191	0.5558
chr9	35689191	35689524	0.2459
chr9	35689525	35689858	0.0714
chr9	35689858	35690192	0.004
chr9	35690192	35690526	0.0072
chr9	35690526	35690859	0.0029
chr9	35690859	35691192	0.0105
chr9	35691192	35691525	0.3428
chr9	35691525	35691858	0.8301
chr9	35691858	35692191	0.9039
chr9	35692191	35692524	0.9601
chr9	35692525	35692858	0.8323
chr9	35692858	35693192	0.913
chr9	35693192	35693526	0.9262
chr9	35693526	35693860	0.9025
chr9	35693860	35694194	0.8764
chr9	35694194	35694528	0.8914
chr9	35694528	35694862	0.8454
chr9	35694862	35695195	0.7576
chr9	35695195	35695528	0.7671
chr9	35695529	35695856	1.0
chr9	35695856	35696184	1.0
chr9	35696184	35696512	1.0
chr9	35696512	35696839	1.0
chr9	35696839	35697166	1.0
chr11	67577032	67577365	0.7063
chr11	67577365	67577699	0.8283
chr11	67577699	67578033	0.7817
chr11	67578033	67578366	0.6692
chr11	67578366	67578699	0.6643
chr11	67578699	67579032	0.6993
chr11	67579032	67579365	0.6957
chr11	67579365	67579698	0.6723
chr11	67579698	67580031	0.6189
chr11	67580032	67580365	0.5931
chr11	67580365	67580699	0.5297
chr11	67580699	67581033	0.5257
chr11	67581033	67581367	0.5675
chr11	67581367	67581701	0.6419
chr11	67581701	67582035	0.6905
chr11	67582035	67582369	0.6174
chr11	67582369	67582702	0.5667
chr11	67582702	67583035	0.7407
chr11	67583036	67583369	0.1956
chr11	67583369	67583703	0.0118
chr11	67583703	67584037	0.0023
chr11	67584037	67584370	0.0365
chr11	67584370	67584703	0.1558
chr11	67584703	67585036	0.457
chr11	67585036	67585369	0.5831
chr11	67585369	67585702	0.6473
chr11	67585702	67586035	0.6718
chr11	67586036	67586369	0.8967
chr11	67586369	67586703	0.9392
chr11	67586703	67587037	0.8313
chr11	67587370	67587703	0.6917
chr11	67587703	67588036	0.9182
chr11	67588036	67588369	0.7064
chr11	67588369	67588702	0.7066
chr11	67588702	67589035	0.9322
chr11	67589036	67589369	0.9214
chr11	67589369	67589703	0.944
chr11	67589703	67590037	0.9529
chr11	67590037	67590371	0.9266
chr11	67590371	67590705	0.834
chr11	67590705	67591039	0.8379
chr11	67591039	67591373	0.8624
chr11	67591373	67591706	0.9323
chr11	67591706	67592039	0.9484
chr11	67592040	67592355	0.6891
chr11	67592355	67592671	0.8206
chr11	67592671	67592987	0.7221
chr11	67592987	67593302	0.7502
chr11	67593302	67593617	0.8053
chr11	67593617	67593932	0.6782
chr11	67593932	67594247	0.5062
chr12	25237978	25238311	0.9593
chr12	25238311	25238645	0.9574
chr12	25238979	25239312	0.951
chr12	25239312	25239645	0.9701
chr12	25239645	25239978	0.9701
chr12	25239978	25240311	0.9735
chr12	25240311	25240644	0.9599
chr12	25240978	25241311	0.9988
chr12	25241311	25241645	0.9995
chr12	25241645	25241979	0.9996
chr12	25241979	25242312	0.9998
chr12	25242312	25242645	0.9997
chr12	25242645	25242978	0.9996
chr12	25242978	25243311	0.9996
chr12	25243311	25243644	0.9909
chr12	25243978	25244311	0.847
chr12	25244311	25244645	0.9082
chr12	25244645	25244979	0.889
chr12	25244979	25245312	0.9254
chr12	25245312	25245645	0.6584
chr12	25245645	25245978	0.5025
chr12	25245978	25246311	0.8523
chr12	25246311	25246644	0.9905
chr12	25246644	25246977	0.8266
chr12	25247310	25247643	0.9989
chr12	25247976	25248309	0.9601
chr12	25248309	25248642	0.9738
chr12	25248642	25248975	0.9134
chr12	25248975	25249308	0.9951
chr12	25249308	25249641	0.9897
chr12	25249641	25249974	0.8091
chr12	25249975	25250308	0.0614
chr12	25250308	25250642	0.0
chr12	25250642	25250976	0.0
chr12	25250976	25251309	0.0
chr12	25251309	25251642	0.0002
chr12	25251642	25251975	0.2561
chr12	25251975	25252308	0.9251
chr12	25252308	25252641	0.9758
chr12	25252641	25252974	0.9329
chr12	25252975	25253323	0.9034
chr12	25253323	25253672	0.9017
chr12	25253672	25254021	0.8536
chr12	25254021	25254370	0.8252
chr16	67952369	67952702	0.9586
chr16	67952702	67953036	0.9566
chr16	67953036	67953370	0.9571
chr16	67953370	67953703	0.9567
chr16	67953703	67954036	0.9565
chr16	67954036	67954369	0.9598
chr16	67954369	67954702	0.9566
chr16	67954702	67955035	0.959
chr16	67955035	67955368	0.9565
chr16	67955369	67955702	0.9456
chr16	67955702	67956036	0.948
chr16	67956036	67956370	0.9521
chr16	67956370	67956703	0.9419
chr16	67956703	67957036	0.9313
chr16	67957036	67957369	0.969
chr16	67957369	67957702	0.9502
chr16	67957702	67958035	0.9447
chr16	67958035	67958368	0.9463
chr16	67958369	67958702	0.9964
chr16	67958702	67959036	0.9982
chr16	67959036	67959370	0.9927
chr16	67959370	67959703	0.9942
chr16	67959703	67960036	0.9919
chr16	67960036	67960369	0.9882
chr16	67960369	67960702	0.9946
chr16	67960702	67961035	0.9936
chr16	67961035	67961368	0.991
chr16	67961369	67961702	0.5636
chr16	67961702	67962036	0.5723
chr16	67962036	67962370	0.5535
chr16	67962370	67962703	0.555
chr16	67962703	67963036	0.5465
chr16	67963036	67963369	0.5031
chr16	67963369	67963702	0.5152
chr16	67963702	67964035	0.8547
chr16	67964035	67964368	0.8326
chr16	67964369	67964702	0.8407
chr16	67964702	67965036	0.6451
chr16	67965036	67965370	0.6355
chr16	67965370	67965703	0.5665
chr16	67965703	67966036	0.6579
chr16	67966036	67966369	0.6779
chr16	67966369	67966702	0.595
chr16	67966702	67967035	0.5901
chr16	67967035	67967368	0.7274
chr16	67967369	67967702	0.8046
chr16	67967702	67968036	0.3829
chr16	67968036	67968370	0.0187
chr16	67968370	67968703	0.0006
chr16	67968703	67969036	0.0591
chr16	67969036	67969369	0.4223
chr16	67969369	67969702	0.7537
chr16	67969702	67970035	0.7531
chr16	67970035	67970368	0.7629
chr16	67970369	67970702	0.8829
chr16	67970702	67971036	0.8835
chr16	67971036	67971370	0.8888
chr16	67971370	67971703	0.9208
chr16	67971703	67972036	0.879
chr16	67972036	67972369	0.8853
chr16	67972369	67972702	0.8935
chr16	67972702	67973035	0.893
chr16	67973035	67973368	0.9185
chr16	67973369	67973702	0.7757
chr16	67973702	67974036	0.6207
chr16	67974036	67974370	0.7186
chr16	67974370	67974703	0.6756
chr16	67974703	67975036	0.614
chr16	67975036	67975369	0.7476
chr16	67975369	67975702	0.6569
chr16	67975702	67976035	0.683
chr16	67976035	67976368	0.6952
chr17	7666465	7666797	0.8674
chr17	7666797	7667130	0.9584
chr17	7667130	7667463	0.8928
chr17	7667463	7667796	0.8829
chr17	7667796	7668129	0.8948
chr17	7668129	7668462	0.908
chr17	7668462	7668795	0.9038
chr17	7668795	7669128	0.8827
chr17	7669128	7669461	0.8869
chr17	7669462	7669795	0.9113
chr17	7669795	7670129	0.9652
chr17	7670129	7670463	0.9536
chr17	7670463	7670796	0.9951
chr17	7670796	7671129	0.9256
chr17	7671129	7671462	0.9653
chr17	7671462	7671795	0.973
chr17	7671795	7672128	0.9301
chr17	7672128	7672461	0.9709
chr17	7672795	7673129	0.9484
chr17	7673129	7673463	0.9492
chr17	7673463	7673796	0.9273
chr17	7673796	7674129	0.947
chr17	7674129	7674462	0.9692
chr17	7674462	7674795	0.9838
chr17	7674795	7675128	0.9744
chr17	7675128	7675461	0.9783
chr17	7675462	7675795	0.884
chr17	7675795	7676129	0.9693
chr17	7676129	7676463	0.9255
chr17	7676463	7676796	0.9582
chr17	7676796	7677129	0.9081
chr17	7677129	7677462	0.9598
chr17	7677462	7677795	0.8951
chr17	7677795	7678128	0.9464
chr17	7678128	7678461	0.885
chr17	7678462	7678795	0.966
chr17	7678795	7679129	0.9833
chr17	7679129	7679463	0.9672
chr17	7679463	7679796	0.9603
chr17	7679796	7680129	0.9605
chr17	7680129	7680462	0.939
chr17	7680462	7680795	0.9816
chr17	7680795	7681128	0.9734
chr17	7681128	7681461	0.9203
chr17	7681462	7681794	0.949
chr17	7681794	7682126	0.9688
chr17	41517522	41517855	0.5694
chr17	41517855	41518189	0.64
chr17	41518189	41518523	0.2456
chr17	41518523	41518856	0.2296
chr17	41518856	41519189	0.3356
chr17	41519189	41519522	0.2382
chr17	41519522	41519855	0.177
chr17	41519855	41520188	0.2421
chr17	41520188	41520521	0.4688
chr17	41520522	41520855	0.4642
chr17	41520855	41521189	0.3186
chr17	41521189	41521523	0.2652
chr17	41521523	41521856	0.4616
chr17	41521856	41522189	0.3409
chr17	41522189	41522522	0.2707
chr17	41522522	41522855	0.3121
chr17	41522855	41523188	0.5101
chr17	41523188	41523521	0.2513
chr17	41526512	41526845	0.8775
chr17	41526845	41527179	0.8784
chr17	41527179	41527513	0.8867
chr17	41527513	41527846	0.8969
chr17	41527846	41528179	0.9318
chr17	41528179	41528512	0.9429
chr17	41528512	41528845	0.8693
chr17	41528845	41529178	0.9015
chr17	41529178	41529511	0.8255
chr17	41529512	41529845	0.4665
chr17	41529845	41530179	0.4774
chr17	41530179	41530513	0.4827
chr17	41530513	41530846	0.4873
chr17	41531179	41531512	0.4934
chr17	41531512	41531845	0.4879
chr17	41532178	41532511	0.4858
chr17	41532512	41532845	0.7838
chr17	41532845	41533178	0.8099
chr17	41533178	41533511	0.6877
chr17	41533511	41533844	0.7034
chr17	41533844	41534177	0.8064
chr17	41534177	41534510	0.8524
chr17	41534510	41534843	0.7523
chr17	41534843	41535176	0.7285
chr17	41535176	41535509	0.6711
