chr3	49352623	49352956	0.997
chr3	49352956	49353290	0.9879
chr3	49353290	49353624	0.9294
chr3	49353624	49353957	0.6811
chr3	49353957	49354290	0.6887
chr3	49354290	49354623	0.7616
chr3	49354623	49354956	0.8642
chr3	49354956	49355289	0.9574
chr3	49355289	49355622	0.9929
chr3	49355623	49355956	0.879
chr3	49355956	49356290	0.9035
chr3	49356290	49356624	0.6393
chr3	49356624	49356957	0.8609
chr3	49356957	49357290	0.1386
chr3	49357290	49357623	0.001
chr3	49357623	49357956	0.0
chr3	49357956	49358289	0.0
chr3	49358289	49358622	0.0
chr3	49358623	49358956	0.039
chr3	49358956	49359290	0.3872
chr3	49359290	49359624	0.8889
chr3	49359624	49359957	0.7968
chr3	49359957	49360290	0.8488
chr3	49360290	49360623	0.8262
chr3	49360623	49360956	0.8106
chr3	49360956	49361289	0.9312
chr3	49361289	49361622	0.9231
chr3	49361623	49361956	0.9281
chr3	49361956	49362290	0.9739
chr3	49362290	49362624	0.9512
chr3	49362624	49362957	0.9167
chr3	49362957	49363290	0.9675
chr3	49363290	49363623	0.9708
chr3	49363623	49363956	0.9741
chr3	49363956	49364289	0.9685
chr3	49364289	49364622	0.9698
chr3	49364623	49364932	0.9385
chr3	49364932	49365242	0.981
chr3	49365242	49365551	0.9951
chr3	49365551	49365860	0.9705
chr3	49365860	49366169	0.9634
chr7	140775214	140775547	0.9458
chr7	140775547	140775881	0.8393
chr7	140776215	140776548	0.9697
chr7	140776881	140777214	0.9418
chr7	140777214	140777547	0.9606
chr7	140777547	140777880	0.963
chr7	140778547	140778881	0.9934
chr7	140778881	140779215	0.9948
chr7	140779548	140779881	0.9963
chr7	140779881	140780214	0.9992
chr7	140780214	140780547	0.9956
chr7	140780880	140781213	0.9928
chr7	140781214	140781547	0.956
chr7	140781547	140781881	0.9726
chr7	140782215	140782548	0.9502
chr7	140782548	140782881	0.9661
chr7	140782881	140783214	0.9626
chr7	140783547	140783880	0.8029
chr7	140784214	140784547	0.997
chr7	140784547	140784880	0.9967
chr7	140784880	140785213	0.9988
chr7	140785213	140785546	0.9972
chr7	140785546	140785879	0.998
chr7	140785879	140786212	0.995
chr7	140786545	140786878	0.9787
chr7	140786878	140787211	0.9973
chr7	154593967	154594300	0.0106
chr7	154594300	154594634	0.0005
chr7	154594634	154594968	0.0031
chr7	154594968	154595301	0.0157
chr7	154595301	154595634	0.0154
chr7	154595634	154595967	0.0121
chr7	154595967	154596300	0.0089
chr7	154596300	154596633	0.0049
chr7	154596633	154596966	0.0104
chr7	154597300	154597634	0.1584
chr7	154597634	154597968	0.1339
chr7	154597968	154598301	0.2213
chr7	154598301	154598634	0.2666
chr7	154598634	154598967	0.3005
chr7	154598967	154599300	0.2065
chr7	154599300	154599633	0.1741
chr7	154599633	154599966	0.199
chr7	154599967	154600300	0.2757
chr7	154600300	154600634	0.3035
chr7	154600634	154600968	0.3017
chr7	154600968	154601301	0.4444
chr7	154601301	154601634	0.4737
chr7	154601634	154601967	0.7104
chr7	154601967	154602300	0.4738
chr7	154602300	154602633	0.3983
chr7	154602633	154602966	0.3831
chr7	154602967	154603300	0.2484
chr7	154603300	154603634	0.0782
chr7	154603634	154603968	0.1587
chr7	154603968	154604301	0.1082
chr7	154604634	154604967	0.0817
chr7	154604967	154605300	0.1846
chr7	154605300	154605633	0.1896
chr7	154605633	154605966	0.1689
chr7	154606300	154606634	0.1726
chr7	154606634	154606968	0.3689
chr7	154606968	154607301	0.4643
chr7	154607301	154607634	0.5211
chr7	154607634	154607967	0.4693
chr7	154607967	154608300	0.2332
chr7	154608300	154608633	0.2804
chr7	154608633	154608966	0.3188
chr7	154608967	154609300	0.402
chr7	154609300	154609634	0.4259
chr7	154609634	154609968	0.2227
chr7	154609968	154610301	0.2433
chr7	154610301	154610634	0.2151
chr7	154610634	154610967	0.1586
chr7	154610967	154611300	0.0859
chr7	154611300	154611633	0.0785
chr7	154611967	154612302	0.4654
chr7	154612302	154612638	0.438
chr7	154612638	154612973	0.4581
chr7	154612973	154613308	0.4407
chr7	154613308	154613643	0.2408
chr7	154613643	154613978	0.2239
chr9	35677525	35677858	0.8336
chr9	35677858	35678192	0.9043
chr9	35678192	35678526	0.8738
chr9	35678526	35678859	0.7905
chr9	35678859	35679192	0.8051
chr9	35679192	35679525	0.8238
chr9	35679525	35679858	0.8375
chr9	35679858	35680191	0.8915
chr9	35680191	35680524	0.8176
chr9	35680525	35680858	0.8428
chr9	35680858	35681192	0.7699
chr9	35681192	35681526	0.6941
chr9	35681526	35681859	0.6246
chr9	35681859	35682192	0.7495
chr9	35682192	35682525	0.7381
chr9	35682525	35682858	0.7724
chr9	35682858	35683191	0.749
chr9	35683191	35683524	0.7047
chr9	35683525	35683858	0.975
chr9	35683858	35684192	0.9836
chr9	35684192	35684526	0.9589
chr9	35684526	35684859	0.9395
chr9	35684859	35685192	0.9101
chr9	35685192	35685525	0.8283
chr9	35685525	35685858	0.8227
chr9	35685858	35686191	0.9013
chr9	35686191	35686524	0.9515
chr9	35686525	35686858	0.5597
chr9	35686858	35687192	0.6112
chr9	35687192	35687526	0.6017
chr9	35687526	35687859	0.6111
chr9	35687859	35688192	0.6874
chr9	35688192	35688525	0.6512
chr9	35688525	35688858	0.6383
chr9	35688858	35689191	0.5143
chr9	35689191	35689524	0.1749
chr9	35689525	35689858	0.0964
chr9	35689858	35690192	0.0045
chr9	35690192	35690526	0.0083
chr9	35690526	35690859	0.0035
chr9	35690859	35691192	0.0144
chr9	35691192	35691525	0.444
chr9	35691525	35691858	0.8614
chr9	35691858	35692191	0.9127
chr9	35692191	35692524	0.9625
chr9	35692525	35692858	0.8826
chr9	35692858	35693192	0.803
chr9	35693192	35693526	0.8705
chr9	35693526	35693860	0.9112
chr9	35693860	35694194	0.8884
chr9	35694194	35694528	0.8375
chr9	35694528	35694862	0.7945
chr9	35694862	35695195	0.8207
chr9	35695195	35695528	0.7759
chr9	35695529	35695856	0.9998
chr9	35695856	35696184	1.0
chr9	35696184	35696512	0.9998
chr9	35696512	35696839	1.0
chr9	35696839	35697166	0.9999
chr11	67577032	67577365	0.7329
chr11	67577365	67577699	0.8329
chr11	67577699	67578033	0.7735
chr11	67578033	67578366	0.7439
chr11	67578366	67578699	0.7044
chr11	67578699	67579032	0.7985
chr11	67579032	67579365	0.7289
chr11	67579365	67579698	0.7716
chr11	67579698	67580031	0.7147
chr11	67580032	67580365	0.6837
chr11	67580365	67580699	0.5795
chr11	67580699	67581033	0.5788
chr11	67581033	67581367	0.6513
chr11	67581367	67581701	0.7028
chr11	67581701	67582035	0.771
chr11	67582035	67582369	0.6932
chr11	67582369	67582702	0.6183
chr11	67582702	67583035	0.8041
chr11	67583036	67583369	0.2096
chr11	67583369	67583703	0.012
chr11	67583703	67584037	0.0024
chr11	67584037	67584370	0.0381
chr11	67584370	67584703	0.1688
chr11	67584703	67585036	0.4748
chr11	67585036	67585369	0.6107
chr11	67585369	67585702	0.6808
chr11	67585702	67586035	0.7079
chr11	67586036	67586369	0.9416
chr11	67586369	67586703	0.8883
chr11	67586703	67587037	0.876
chr11	67587370	67587703	0.9205
chr11	67587703	67588036	0.7663
chr11	67588036	67588369	0.9424
chr11	67588369	67588702	0.9405
chr11	67588702	67589035	0.8715
chr11	67589036	67589369	0.9063
chr11	67589369	67589703	0.9258
chr11	67589703	67590037	0.9302
chr11	67590037	67590371	0.9124
chr11	67590371	67590705	0.8334
chr11	67590705	67591039	0.8522
chr11	67591039	67591373	0.857
chr11	67591373	67591706	0.9176
chr11	67591706	67592039	0.9265
chr11	67592040	67592355	0.6518
chr11	67592355	67592671	0.8032
chr11	67592671	67592987	0.672
chr11	67592987	67593302	0.7093
chr11	67593302	67593617	0.806
chr11	67593617	67593932	0.6803
chr11	67593932	67594247	0.6122
chr12	25237978	25238311	0.921
chr12	25238311	25238645	0.9192
chr12	25238979	25239312	0.9309
chr12	25239312	25239645	0.9036
chr12	25239645	25239978	0.8309
chr12	25239978	25240311	0.8965
chr12	25240311	25240644	0.9163
chr12	25240978	25241311	0.9839
chr12	25241311	25241645	0.9934
chr12	25241645	25241979	0.995
chr12	25241979	25242312	0.997
chr12	25242312	25242645	0.9955
chr12	25242645	25242978	0.994
chr12	25242978	25243311	0.9942
chr12	25243311	25243644	0.9135
chr12	25243978	25244311	0.8929
chr12	25244311	25244645	0.8889
chr12	25244645	25244979	0.8878
chr12	25244979	25245312	0.8955
chr12	25245312	25245645	0.929
chr12	25245645	25245978	0.9531
chr12	25245978	25246311	0.9328
chr12	25246311	25246644	0.9305
chr12	25246644	25246977	0.9391
chr12	25247310	25247643	0.9974
chr12	25247976	25248309	0.8886
chr12	25248309	25248642	0.8925
chr12	25248642	25248975	0.8245
chr12	25248975	25249308	0.9887
chr12	25249308	25249641	0.9788
chr12	25249641	25249974	0.6415
chr12	25249975	25250308	0.1459
chr12	25250308	25250642	0.0007
chr12	25250642	25250976	0.0
chr12	25250976	25251309	0.0001
chr12	25251309	25251642	0.0046
chr12	25251642	25251975	0.3693
chr12	25251975	25252308	0.8517
chr12	25252308	25252641	0.9072
chr12	25252641	25252974	0.8181
chr12	25252975	25253323	0.5047
chr12	25253323	25253672	0.5152
chr12	25253672	25254021	0.5071
chr12	25254021	25254370	0.4087
chr16	67952369	67952702	0.98
chr16	67952702	67953036	0.968
chr16	67953036	67953370	0.9648
chr16	67953370	67953703	0.9496
chr16	67953703	67954036	0.9456
chr16	67954036	67954369	0.9704
chr16	67954369	67954702	0.9523
chr16	67954702	67955035	0.9701
chr16	67955035	67955368	0.9534
chr16	67955369	67955702	0.9211
chr16	67955702	67956036	0.9247
chr16	67956036	67956370	0.911
chr16	67956370	67956703	0.9273
chr16	67956703	67957036	0.9521
chr16	67957036	67957369	0.832
chr16	67957369	67957702	0.8499
chr16	67957702	67958035	0.9299
chr16	67958035	67958368	0.9037
chr16	67958369	67958702	0.9872
chr16	67958702	67959036	0.9961
chr16	67959036	67959370	0.9763
chr16	67959370	67959703	0.9846
chr16	67959703	67960036	0.9776
chr16	67960036	67960369	0.964
chr16	67960369	67960702	0.9856
chr16	67960702	67961035	0.9794
chr16	67961035	67961368	0.9682
chr16	67961369	67961702	0.5626
chr16	67961702	67962036	0.5855
chr16	67962036	67962370	0.5606
chr16	67962370	67962703	0.5632
chr16	67962703	67963036	0.5499
chr16	67963036	67963369	0.4909
chr16	67963369	67963702	0.512
chr16	67963702	67964035	0.9014
chr16	67964035	67964368	0.8865
chr16	67964369	67964702	0.8078
chr16	67964702	67965036	0.6104
chr16	67965036	67965370	0.5566
chr16	67965370	67965703	0.5271
chr16	67965703	67966036	0.604
chr16	67966036	67966369	0.6231
chr16	67966369	67966702	0.5566
chr16	67966702	67967035	0.5479
chr16	67967035	67967368	0.6725
chr16	67967369	67967702	0.8107
chr16	67967702	67968036	0.3957
chr16	67968036	67968370	0.02
chr16	67968370	67968703	0.0006
chr16	67968703	67969036	0.0641
chr16	67969036	67969369	0.4431
chr16	67969369	67969702	0.7763
chr16	67969702	67970035	0.7718
chr16	67970035	67970368	0.7717
chr16	67970369	67970702	0.8659
chr16	67970702	67971036	0.8132
chr16	67971036	67971370	0.8705
chr16	67971370	67971703	0.9344
chr16	67971703	67972036	0.8746
chr16	67972036	67972369	0.8414
chr16	67972369	67972702	0.8451
chr16	67972702	67973035	0.8506
chr16	67973035	67973368	0.9085
chr16	67973369	67973702	0.7993
chr16	67973702	67974036	0.6351
chr16	67974036	67974370	0.7412
chr16	67974370	67974703	0.695
chr16	67974703	67975036	0.6274
chr16	67975036	67975369	0.7709
chr16	67975369	67975702	0.6746
chr16	67975702	67976035	0.7028
chr16	67976035	67976368	0.7156
chr17	7666465	7666797	0.869
chr17	7666797	7667130	0.9448
chr17	7667130	7667463	0.8992
chr17	7667463	7667796	0.891
chr17	7667796	7668129	0.8903
chr17	7668129	7668462	0.8973
chr17	7668462	7668795	0.8963
chr17	7668795	7669128	0.8869
chr17	7669128	7669461	0.8947
chr17	7669462	7669795	0.9444
chr17	7669795	7670129	0.9555
chr17	7670129	7670463	0.9445
chr17	7670463	7670796	0.9826
chr17	7670796	7671129	0.9295
chr17	7671129	7671462	0.9443
chr17	7671462	7671795	0.9492
chr17	7671795	7672128	0.9326
chr17	7672128	7672461	0.9677
chr17	7672795	7673129	0.957
chr17	7673129	7673463	0.9625
chr17	7673463	7673796	0.9579
chr17	7673796	7674129	0.9648
chr17	7674129	7674462	0.9693
chr17	7674462	7674795	0.9729
chr17	7674795	7675128	0.9734
chr17	7675128	7675461	0.9708
chr17	7675462	7675795	0.8853
chr17	7675795	7676129	0.9783
chr17	7676129	7676463	0.9481
chr17	7676463	7676796	0.9706
chr17	7676796	7677129	0.9477
chr17	7677129	7677462	0.9781
chr17	7677462	7677795	0.8997
chr17	7677795	7678128	0.9556
chr17	7678128	7678461	0.9249
chr17	7678462	7678795	0.9589
chr17	7678795	7679129	0.9734
chr17	7679129	7679463	0.9642
chr17	7679463	7679796	0.9546
chr17	7679796	7680129	0.9591
chr17	7680129	7680462	0.9437
chr17	7680462	7680795	0.9738
chr17	7680795	7681128	0.9701
chr17	7681128	7681461	0.9248
chr17	7681462	7681794	0.9424
chr17	7681794	7682126	0.9744
chr17	41517522	41517855	0.6637
chr17	41517855	41518189	0.764
chr17	41518189	41518523	0.344
chr17	41518523	41518856	0.3011
chr17	41518856	41519189	0.4164
chr17	41519189	41519522	0.3252
chr17	41519522	41519855	0.2749
chr17	41519855	41520188	0.3221
chr17	41520188	41520521	0.6756
chr17	41520522	41520855	0.5589
chr17	41520855	41521189	0.4615
chr17	41521189	41521523	0.4918
chr17	41521523	41521856	0.6303
chr17	41521856	41522189	0.5328
chr17	41522189	41522522	0.4961
chr17	41522522	41522855	0.4508
chr17	41522855	41523188	0.7327
chr17	41523188	41523521	0.3363
chr17	41523522	41523854	0.7175
chr17	41523854	41524187	0.6514
chr17	41524187	41524519	0.6699
chr17	41524519	41524851	0.6502
chr17	41524851	41525183	0.9172
chr17	41525183	41525515	0.8094
chr17	41525515	41525847	0.6332
chr17	41525847	41526179	0.7739
chr17	41526179	41526511	0.5885
chr17	41526512	41526845	0.8882
chr17	41526845	41527179	0.8949
chr17	41527179	41527513	0.8986
chr17	41527513	41527846	0.9132
chr17	41527846	41528179	0.9371
chr17	41528179	41528512	0.9381
chr17	41528512	41528845	0.8827
chr17	41528845	41529178	0.9104
chr17	41529178	41529511	0.8668
chr17	41529512	41529845	0.4392
chr17	41529845	41530179	0.5335
chr17	41530179	41530513	0.5793
chr17	41530513	41530846	0.6755
chr17	41531179	41531512	0.6843
chr17	41531512	41531845	0.7264
chr17	41532178	41532511	0.5742
chr17	41532512	41532845	0.8139
chr17	41532845	41533178	0.8052
chr17	41533178	41533511	0.8395
chr17	41533511	41533844	0.8348
chr17	41533844	41534177	0.7951
chr17	41534177	41534510	0.7704
chr17	41534510	41534843	0.8443
chr17	41534843	41535176	0.8457
chr17	41535176	41535509	0.8566
