chr3	49352623	49352956	0.2326
chr3	49352956	49353290	0.1299
chr3	49353290	49353624	0.0781
chr3	49353624	49353957	0.1638
chr3	49353957	49354290	0.0153
chr3	49354290	49354623	0.1666
chr3	49354623	49354956	0.0542
chr3	49354956	49355289	0.1014
chr3	49355289	49355622	0.2884
chr3	49355623	49355956	0.3185
chr3	49355956	49356290	0.3238
chr3	49356290	49356624	0.5008
chr3	49356624	49356957	0.3502
chr3	49356957	49357290	0.6541
chr3	49357290	49357623	0.1415
chr3	49357623	49357956	0.0081
chr3	49357956	49358289	0.0011
chr3	49358289	49358622	0.0108
chr3	49358623	49358956	0.1201
chr3	49358956	49359290	0.9659
chr3	49359290	49359624	0.5904
chr3	49359624	49359957	0.8079
chr3	49359957	49360290	0.5764
chr3	49360290	49360623	0.4612
chr3	49360623	49360956	0.6131
chr3	49360956	49361289	0.3608
chr3	49361289	49361622	0.2648
chr3	49361623	49361956	0.5582
chr3	49361956	49362290	0.2114
chr3	49362290	49362624	0.4072
chr3	49362624	49362957	0.6335
chr3	49362957	49363290	0.3037
chr3	49363290	49363623	0.2669
chr3	49363623	49363956	0.2782
chr3	49363956	49364289	0.2991
chr3	49364289	49364622	0.2555
chr3	49364623	49364932	0.2372
chr3	49364932	49365242	0.3061
chr3	49365242	49365551	0.0486
chr3	49365551	49365860	0.2769
chr3	49365860	49366169	0.0718
chr5	58391722	58392056	0.8239
chr5	58392056	58392390	0.967
chr5	58392390	58392723	0.9107
chr5	58392723	58393056	0.8581
chr5	58393056	58393389	0.8469
chr5	58393722	58394055	0.8626
chr5	58394055	58394388	0.9198
chr7	140775214	140775547	0.3056
chr7	140775547	140775881	0.3413
chr7	140776215	140776548	0.0611
chr7	140776881	140777214	0.2221
chr7	140777214	140777547	0.1082
chr7	140777547	140777880	0.0983
chr7	140778547	140778881	0.3097
chr7	140778881	140779215	0.3412
chr7	140779548	140779881	0.3392
chr7	140779881	140780214	0.7092
chr7	140780214	140780547	0.4046
chr7	140780880	140781213	0.256
chr7	140781214	140781547	0.5206
chr7	140781547	140781881	0.6732
chr7	140782215	140782548	0.6853
chr7	140782548	140782881	0.5678
chr7	140782881	140783214	0.6828
chr7	140783547	140783880	0.9635
chr7	140784214	140784547	0.4638
chr7	140784547	140784880	0.3351
chr7	140784880	140785213	0.1017
chr7	140785213	140785546	0.3741
chr7	140785546	140785879	0.2726
chr7	140785879	140786212	0.7628
chr7	140786545	140786878	0.8435
chr7	140786878	140787211	0.1376
chr7	154608967	154609300	0.5014
chr7	154609300	154609634	0.9938
chr7	154609634	154609968	0.943
chr7	154609968	154610301	0.9467
chr7	154610301	154610634	0.9674
chr7	154610634	154610967	0.9368
chr7	154610967	154611300	0.5567
chr7	154611300	154611633	0.6713
chr7	154611967	154612302	0.9487
chr7	154612302	154612638	0.7365
chr7	154612638	154612973	0.9599
chr7	154612973	154613308	0.957
chr7	154613308	154613643	0.6188
chr7	154613643	154613978	0.5383
chr9	35677525	35677858	0.6854
chr9	35677858	35678192	0.3838
chr9	35678192	35678526	0.4938
chr9	35678526	35678859	0.6001
chr9	35678859	35679192	0.5234
chr9	35679192	35679525	0.5754
chr9	35679525	35679858	0.548
chr9	35679858	35680191	0.339
chr9	35680191	35680524	0.6461
chr9	35680525	35680858	0.348
chr9	35680858	35681192	0.4567
chr9	35681192	35681526	0.3807
chr9	35681526	35681859	0.2806
chr9	35681859	35682192	0.0525
chr9	35682192	35682525	0.301
chr9	35682525	35682858	0.4172
chr9	35682858	35683191	0.1554
chr9	35683191	35683524	0.3849
chr9	35683525	35683858	0.3039
chr9	35683858	35684192	0.719
chr9	35684192	35684526	0.2657
chr9	35684526	35684859	0.2444
chr9	35684859	35685192	0.2381
chr9	35685192	35685525	0.2755
chr9	35685525	35685858	0.3037
chr9	35685858	35686191	0.3137
chr9	35686191	35686524	0.2286
chr9	35686525	35686858	0.7832
chr9	35686858	35687192	0.8106
chr9	35687192	35687526	0.8247
chr9	35687526	35687859	0.8349
chr9	35687859	35688192	0.8611
chr9	35688192	35688525	0.8762
chr9	35688525	35688858	0.8662
chr9	35688858	35689191	0.756
chr9	35689191	35689524	0.5385
chr9	35689525	35689858	0.3103
chr9	35689858	35690192	0.1938
chr9	35690192	35690526	0.3323
chr9	35690526	35690859	0.1771
chr9	35690859	35691192	0.2295
chr9	35691192	35691525	0.3951
chr9	35691525	35691858	0.6136
chr9	35691858	35692191	0.6582
chr9	35692191	35692524	0.3683
chr9	35692525	35692858	0.1301
chr9	35692858	35693192	0.4812
chr9	35693192	35693526	0.5223
chr9	35693526	35693860	0.3187
chr9	35693860	35694194	0.2691
chr9	35694194	35694528	0.4303
chr9	35694528	35694862	0.3448
chr9	35694862	35695195	0.1191
chr9	35695195	35695528	0.3038
chr9	35695529	35695856	0.0002
chr9	35695856	35696184	0.0002
chr9	35696184	35696512	0.0002
chr9	35696512	35696839	0.0003
chr9	35696839	35697166	0.0002
chr11	67577032	67577365	0.7737
chr11	67577365	67577699	0.3016
chr11	67577699	67578033	0.4987
chr11	67578033	67578366	0.8135
chr11	67578366	67578699	0.9091
chr11	67578699	67579032	0.6999
chr11	67579032	67579365	0.8493
chr11	67579365	67579698	0.7011
chr11	67579698	67580031	0.9369
chr11	67580032	67580365	0.5181
chr11	67580365	67580699	0.8403
chr11	67580699	67581033	0.8191
chr11	67581033	67581367	0.5321
chr11	67581367	67581701	0.8172
chr11	67581701	67582035	0.5541
chr11	67582035	67582369	0.5771
chr11	67582369	67582702	0.8572
chr11	67582702	67583035	0.5896
chr11	67583036	67583369	0.4459
chr11	67583369	67583703	0.055
chr11	67583703	67584037	0.0147
chr11	67584037	67584370	0.1611
chr11	67584370	67584703	0.3686
chr11	67584703	67585036	0.8081
chr11	67585036	67585369	0.2465
chr11	67585369	67585702	0.3199
chr11	67585702	67586035	0.3777
chr11	67586036	67586369	0.5644
chr11	67586369	67586703	0.3107
chr11	67586703	67587037	0.5799
chr11	67587370	67587703	0.6955
chr11	67587703	67588036	0.1715
chr11	67588036	67588369	0.8351
chr11	67588369	67588702	0.8242
chr11	67588702	67589035	0.3394
chr11	67589036	67589369	0.6399
chr11	67589369	67589703	0.6457
chr11	67589703	67590037	0.6742
chr11	67590037	67590371	0.6294
chr11	67590371	67590705	0.6544
chr11	67590705	67591039	0.5584
chr11	67591039	67591373	0.6436
chr11	67591373	67591706	0.6237
chr11	67591706	67592039	0.6698
chr11	67592040	67592355	0.8807
chr11	67592355	67592671	0.4149
chr11	67592671	67592987	0.7799
chr11	67592987	67593302	0.6648
chr11	67593302	67593617	0.4715
chr11	67593617	67593932	0.8564
chr11	67593932	67594247	0.7869
chr12	25237978	25238311	0.1391
chr12	25238311	25238645	0.1707
chr12	25238979	25239312	0.2111
chr12	25239312	25239645	0.0645
chr12	25239645	25239978	0.2656
chr12	25239978	25240311	0.0481
chr12	25240311	25240644	0.146
chr12	25240978	25241311	0.1912
chr12	25241311	25241645	0.1026
chr12	25241645	25241979	0.0821
chr12	25241979	25242312	0.0538
chr12	25242312	25242645	0.0747
chr12	25242645	25242978	0.0947
chr12	25242978	25243311	0.0905
chr12	25243311	25243644	0.418
chr12	25243978	25244311	0.1247
chr12	25244311	25244645	0.1222
chr12	25244645	25244979	0.1207
chr12	25244979	25245312	0.1291
chr12	25245312	25245645	0.1714
chr12	25245645	25245978	0.2148
chr12	25245978	25246311	0.187
chr12	25246311	25246644	0.1857
chr12	25246644	25246977	0.195
chr12	25247310	25247643	0.0037
chr12	25247976	25248309	0.0622
chr12	25248309	25248642	0.0368
chr12	25248642	25248975	0.1409
chr12	25248975	25249308	0.0159
chr12	25249308	25249641	0.0247
chr12	25249641	25249974	0.1351
chr12	25252975	25253323	0.9388
chr12	25253323	25253672	0.9483
chr12	25253672	25254021	0.9552
chr12	25254021	25254370	0.8443
chr16	67952369	67952702	0.4092
chr16	67952702	67953036	0.5396
chr16	67953036	67953370	0.5187
chr16	67953370	67953703	0.5716
chr16	67953703	67954036	0.5876
chr16	67954036	67954369	0.387
chr16	67954369	67954702	0.5707
chr16	67954702	67955035	0.4118
chr16	67955035	67955368	0.5729
chr16	67955369	67955702	0.3646
chr16	67955702	67956036	0.3646
chr16	67956036	67956370	0.4
chr16	67956370	67956703	0.3432
chr16	67956703	67957036	0.262
chr16	67957036	67957369	0.5536
chr16	67957369	67957702	0.4012
chr16	67957702	67958035	0.3449
chr16	67958035	67958368	0.4016
chr16	67958369	67958702	0.4556
chr16	67958702	67959036	0.0781
chr16	67959036	67959370	0.5677
chr16	67959370	67959703	0.3673
chr16	67959703	67960036	0.5152
chr16	67960036	67960369	0.7524
chr16	67960369	67960702	0.3765
chr16	67960702	67961035	0.5639
chr16	67961035	67961368	0.75
chr16	67961369	67961702	0.5993
chr16	67961702	67962036	0.6293
chr16	67962036	67962370	0.6336
chr16	67962370	67962703	0.5503
chr16	67962703	67963036	0.6029
chr16	67963036	67963369	0.6091
chr16	67963369	67963702	0.5094
chr16	67963702	67964035	0.582
chr16	67964035	67964368	0.6127
chr16	67964369	67964702	0.4719
chr16	67964702	67965036	0.8526
chr16	67965036	67965370	0.2661
chr16	67965370	67965703	0.8094
chr16	67965703	67966036	0.5415
chr16	67966036	67966369	0.5169
chr16	67966369	67966702	0.8398
chr16	67966702	67967035	0.7566
chr16	67967035	67967368	0.4749
chr16	67967369	67967702	0.4252
chr16	67967702	67968036	0.4546
chr16	67968036	67968370	0.0484
chr16	67968370	67968703	0.0038
chr16	67968703	67969036	0.1214
chr16	67969036	67969369	0.4021
chr16	67969369	67969702	0.2462
chr16	67969702	67970035	0.3192
chr16	67970035	67970368	0.5303
chr16	67970369	67970702	0.2419
chr16	67970702	67971036	0.2271
chr16	67971036	67971370	0.1776
chr16	67971370	67971703	0.0411
chr16	67971703	67972036	0.2932
chr16	67972036	67972369	0.2067
chr16	67972369	67972702	0.1178
chr16	67972702	67973035	0.1287
chr16	67973035	67973368	0.1692
chr16	67973369	67973702	0.4539
chr16	67973702	67974036	0.9611
chr16	67974036	67974370	0.6782
chr16	67974370	67974703	0.8355
chr16	67974703	67975036	0.9771
chr16	67975036	67975369	0.5766
chr16	67975369	67975702	0.8746
chr16	67975702	67976035	0.7359
chr16	67976035	67976368	0.7406
chr17	7666465	7666797	0.3568
chr17	7666797	7667130	0.0509
chr17	7667130	7667463	0.3529
chr17	7667463	7667796	0.4071
chr17	7667796	7668129	0.1866
chr17	7668129	7668462	0.1824
chr17	7668462	7668795	0.2187
chr17	7668795	7669128	0.3381
chr17	7669128	7669461	0.3945
chr17	7669462	7669795	0.2059
chr17	7669795	7670129	0.1527
chr17	7670129	7670463	0.1719
chr17	7670463	7670796	0.0872
chr17	7670796	7671129	0.211
chr17	7671129	7671462	0.1639
chr17	7671462	7671795	0.162
chr17	7671795	7672128	0.1839
chr17	7672128	7672461	0.1352
chr17	7672795	7673129	0.3758
chr17	7673129	7673463	0.3201
chr17	7673463	7673796	0.3664
chr17	7673796	7674129	0.2971
chr17	7674129	7674462	0.252
chr17	7674462	7674795	0.2163
chr17	7674795	7675128	0.2125
chr17	7675128	7675461	0.2366
chr17	7675462	7675795	0.3525
chr17	7675795	7676129	0.0703
chr17	7676129	7676463	0.1794
chr17	7676463	7676796	0.1039
chr17	7676796	7677129	0.1953
chr17	7677129	7677462	0.0847
chr17	7677462	7677795	0.3242
chr17	7677795	7678128	0.1568
chr17	7678128	7678461	0.2515
chr17	7678462	7678795	0.1647
chr17	7678795	7679129	0.1525
chr17	7679129	7679463	0.1598
chr17	7679463	7679796	0.1794
chr17	7679796	7680129	0.1835
chr17	7680129	7680462	0.1839
chr17	7680462	7680795	0.1542
chr17	7680795	7681128	0.1461
chr17	7681128	7681461	0.174
chr17	7681462	7681794	0.0648
chr17	7681794	7682126	0.1463
chr17	41517522	41517855	0.5453
chr17	41517855	41518189	0.5858
chr17	41518189	41518523	0.5099
chr17	41518523	41518856	0.4841
chr17	41518856	41519189	0.5006
chr17	41519189	41519522	0.4945
chr17	41519522	41519855	0.6175
chr17	41519855	41520188	0.4567
chr17	41520188	41520521	0.6166
chr17	41520522	41520855	0.9771
chr17	41520855	41521189	0.9194
chr17	41521189	41521523	0.7164
chr17	41521523	41521856	0.7357
chr17	41521856	41522189	0.6053
chr17	41522189	41522522	0.5633
chr17	41522522	41522855	0.9411
chr17	41522855	41523188	0.5984
chr17	41523188	41523521	0.9781
chr17	41523522	41523854	0.5554
chr17	41523854	41524187	0.2191
chr17	41524187	41524519	0.3323
chr17	41524519	41524851	0.9537
chr17	41524851	41525183	0.34
chr17	41525183	41525515	0.4986
chr17	41525515	41525847	0.9548
chr17	41525847	41526179	0.3446
chr17	41526179	41526511	0.216
chr17	41526512	41526845	0.4691
chr17	41526845	41527179	0.4152
chr17	41527179	41527513	0.1699
chr17	41527513	41527846	0.0233
chr17	41527846	41528179	0.0074
chr17	41528179	41528512	0.019
chr17	41528512	41528845	0.34
chr17	41528845	41529178	0.5666
chr17	41529178	41529511	0.8219
chr17	41529512	41529845	0.6407
chr17	41529845	41530179	0.9657
chr17	41530179	41530513	0.9921
chr17	41530513	41530846	0.7699
chr17	41531179	41531512	0.7776
chr17	41531512	41531845	0.5424
chr17	41532178	41532511	0.994
chr17	41532512	41532845	0.7142
chr17	41532845	41533178	0.6694
chr17	41533178	41533511	0.827
chr17	41533511	41533844	0.8099
chr17	41533844	41534177	0.653
chr17	41534177	41534510	0.5356
chr17	41534510	41534843	0.8301
chr17	41534843	41535176	0.8352
chr17	41535176	41535509	0.8703
