chr3	49352623	49352956	0.0544	0.38095238095238093	1.0
chr3	49352956	49353290	0.029	0.46825396825396826	1.0
chr3	49353290	49353624	0.0224	0.8333333333333334	1.0
chr3	49353624	49353957	0.1707	0.6666666666666666	1.0
chr3	49353957	49354290	0.1321	0.7857142857142857	1.0
chr3	49354290	49354623	0.1166	0.8333333333333334	1.0
chr3	49354623	49354956	0.0865	0.8571428571428571	1.0
chr3	49354956	49355289	0.029	0.753968253968254	1.0
chr3	49355289	49355622	0.0469	0.5079365079365079	1.0
chr3	49364623	49364932	0.2018	0.8333333333333334	1.0
chr3	49364932	49365242	0.1644	0.5952380952380952	1.0
chr3	49365242	49365551	0.3231	0.8134920634920635	1.0
chr3	49365551	49365860	0.1677	0.7261904761904762	1.0
chr3	49365860	49366169	0.1254	0.44841269841269843	1.0
chr3	49361623	49361956	0.006	0.20634920634920634	0.9924414210128495
chr3	49361956	49362290	0.0519	0.15476190476190477	0.8906525573192239
chr3	49362290	49362624	0.0081	0.3412698412698413	1.0
chr3	49362624	49362957	0.0056	0.15873015873015872	0.8906525573192239
chr3	49362957	49363290	0.0297	0.1349206349206349	0.8516865079365079
chr3	49363290	49363623	0.1128	0.11507936507936507	0.8274449564772145
chr3	49363623	49363956	0.0686	0.10714285714285714	0.8274449564772145
chr3	49363956	49364289	0.1083	0.1111111111111111	0.8274449564772145
chr3	49364289	49364622	0.0485	0.10317460317460317	0.8274449564772145
chr3	49358623	49358956	0.0018	0.35714285714285715	1.0
chr3	49358956	49359290	0.0002	0.5079365079365079	1.0
chr3	49359290	49359624	0.0012	0.29365079365079366	1.0
chr3	49359624	49359957	0.0008	0.2857142857142857	1.0
chr3	49359957	49360290	0.0007	0.3253968253968254	1.0
chr3	49360290	49360623	0.0006	0.38095238095238093	1.0
chr3	49360623	49360956	0.0005	0.3333333333333333	1.0
chr3	49360956	49361289	0.0009	0.30952380952380953	1.0
chr3	49361289	49361622	0.0025	0.29365079365079366	1.0
chr3	49355623	49355956	0.0365	0.07936507936507936	0.7820363917924893
chr3	49355956	49356290	0.0499	0.047619047619047616	0.7820363917924893
chr3	49356290	49356624	0.0581	0.07142857142857142	0.7820363917924893
chr3	49356624	49356957	0.0715	0.07936507936507936	0.7820363917924893
chr3	49356957	49357290	0.1699	0.11507936507936507	0.8274449564772145
chr3	49357290	49357623	0.1949	0.44841269841269843	1.0
chr3	49357623	49357956	0.201	0.7817460317460317	1.0
chr3	49357956	49358289	0.2057	0.8650793650793651	1.0
chr3	49358289	49358622	0.2015	0.7936507936507936	1.0
chr5	58382389	58382722	0.0026	NaN	NaN
chr5	58382722	58383056	0.0001	NaN	NaN
chr5	58383390	58383723	0.01	NaN	NaN
chr5	58383723	58384056	0.0073	NaN	NaN
chr5	58384056	58384389	0.0106	NaN	NaN
chr5	58384389	58384722	0.0119	NaN	NaN
chr5	58384722	58385055	0.0021	NaN	NaN
chr5	58385055	58385388	0.0077	NaN	NaN
chr5	58385389	58385722	0.1335	NaN	NaN
chr5	58385722	58386056	0.1047	NaN	NaN
chr5	58386056	58386390	0.0589	NaN	NaN
chr5	58386390	58386723	0.0018	NaN	NaN
chr5	58386723	58387056	0.0154	NaN	NaN
chr5	58387056	58387389	0.0091	NaN	NaN
chr5	58387389	58387722	0.0062	NaN	NaN
chr5	58387722	58388055	0.005	NaN	NaN
chr5	58388055	58388388	0.0014	NaN	NaN
chr5	58388389	58388722	0.1592	NaN	NaN
chr5	58388722	58389056	0.1328	NaN	NaN
chr5	58389056	58389390	0.1284	NaN	NaN
chr5	58389390	58389723	0.0553	NaN	NaN
chr5	58389723	58390056	0.0741	NaN	NaN
chr5	58390056	58390389	0.0569	NaN	NaN
chr5	58390389	58390722	0.0863	NaN	NaN
chr5	58390722	58391055	0.056	NaN	NaN
chr5	58391055	58391388	0.0978	NaN	NaN
chr5	58391722	58392056	0.0196	NaN	NaN
chr5	58392056	58392390	0.0178	NaN	NaN
chr5	58392390	58392723	0.0214	NaN	NaN
chr5	58392723	58393056	0.0207	NaN	NaN
chr5	58393056	58393389	0.0186	NaN	NaN
chr5	58393722	58394055	0.0207	NaN	NaN
chr5	58394055	58394388	0.0203	NaN	NaN
chr7	140781214	140781547	0.2494	0.9920634920634921	1.0
chr7	140781547	140781881	0.3328	0.7619047619047619	1.0
chr7	140782215	140782548	0.2538	0.8492063492063492	1.0
chr7	140782548	140782881	0.2411	0.9920634920634921	1.0
chr7	140782881	140783214	0.2393	0.8492063492063492	1.0
chr7	140783547	140783880	0.3063	0.8888888888888888	1.0
chr7	140784214	140784547	0.1839	0.7817460317460317	1.0
chr7	140784547	140784880	0.1723	0.7698412698412699	1.0
chr7	140784880	140785213	0.3586	0.4444444444444444	1.0
chr7	140785213	140785546	0.2512	0.8015873015873016	1.0
chr7	140785546	140785879	0.2495	0.7738095238095238	1.0
chr7	140785879	140786212	0.182	0.8333333333333334	1.0
chr7	140786545	140786878	0.2312	0.44841269841269843	1.0
chr7	140786878	140787211	0.3809	0.47619047619047616	1.0
chr7	154608967	154609300	0.0161	0.2777777777777778	1.0
chr7	154609300	154609634	0.0008	0.6984126984126984	1.0
chr7	154609634	154609968	0.0024	0.023809523809523808	0.5658263305322129
chr7	154609968	154610301	0.002	0.05555555555555555	0.7820363917924893
chr7	154610301	154610634	0.0024	0.023809523809523808	0.5658263305322129
chr7	154610634	154610967	0.0049	0.03968253968253968	0.7634164777021919
chr7	154610967	154611300	0.0234	0.07936507936507936	0.7820363917924893
chr7	154611300	154611633	0.0143	0.07142857142857142	0.7820363917924893
chr7	154599967	154600300	0.051	0.9722222222222222	1.0
chr7	154600300	154600634	0.0298	0.7936507936507936	1.0
chr7	154600634	154600968	0.0064	0.9603174603174603	1.0
chr7	154600968	154601301	0.0293	0.8968253968253969	1.0
chr7	154601301	154601634	0.0054	0.753968253968254	1.0
chr7	154601634	154601967	0.0053	0.746031746031746	1.0
chr7	154601967	154602300	0.0055	0.7619047619047619	1.0
chr7	154602300	154602633	0.0152	0.9523809523809523	1.0
chr7	154602633	154602966	0.0093	0.9761904761904762	1.0
chr7	140778547	140778881	0.1661	0.373015873015873	1.0
chr7	140778881	140779215	0.1658	0.3134920634920635	1.0
chr7	140779548	140779881	0.4648	0.05555555555555555	0.7820363917924893
chr7	140779881	140780214	0.2506	0.07936507936507936	0.7820363917924893
chr7	140780214	140780547	0.2023	0.05952380952380952	0.7820363917924893
chr7	140780880	140781213	0.1492	0.5	1.0
chr7	154606300	154606634	0.0074	0.1984126984126984	0.9775454897406116
chr7	154606634	154606968	0.0007	0.8809523809523809	1.0
chr7	154606968	154607301	0.042	0.011904761904761904	0.4580498866213152
chr7	154607301	154607634	0.0272	0.015873015873015872	0.4580498866213152
chr7	154607634	154607967	0.0005	0.0873015873015873	0.8274449564772145
chr7	154607967	154608300	0.0104	0.015873015873015872	0.4580498866213152
chr7	154608300	154608633	0.011	0.015873015873015872	0.4580498866213152
chr7	154608633	154608966	0.0028	0.007936507936507936	0.4580498866213152
chr7	154597300	154597634	0.0053	0.07936507936507936	0.7820363917924893
chr7	154597634	154597968	0.0048	0.03968253968253968	0.7634164777021919
chr7	154597968	154598301	0.0025	0.6111111111111112	1.0
chr7	154598301	154598634	0.0054	0.3253968253968254	1.0
chr7	154598634	154598967	0.0044	0.42063492063492064	1.0
chr7	154598967	154599300	0.0063	0.09523809523809523	0.8274449564772145
chr7	154599300	154599633	0.0059	0.06349206349206349	0.7820363917924893
chr7	154599633	154599966	0.0025	0.47619047619047616	1.0
chr7	154593967	154594300	0.03	0.42063492063492064	1.0
chr7	154594300	154594634	0.0381	0.6349206349206349	1.0
chr7	154594634	154594968	0.0377	0.626984126984127	1.0
chr7	154594968	154595301	0.0346	0.4444444444444444	1.0
chr7	154595301	154595634	0.0347	0.42063492063492064	1.0
chr7	154595634	154595967	0.0312	0.5	1.0
chr7	154595967	154596300	0.0423	0.49206349206349204	1.0
chr7	154596300	154596633	0.0446	0.4166666666666667	1.0
chr7	154596633	154596966	0.0297	0.5476190476190477	1.0
chr7	140775214	140775547	0.0214	0.5396825396825397	1.0
chr7	140775547	140775881	0.0379	0.7301587301587301	1.0
chr7	140776215	140776548	0.0224	0.47619047619047616	1.0
chr7	140776881	140777214	0.0143	0.24603174603174602	1.0
chr7	140777214	140777547	0.0163	0.373015873015873	1.0
chr7	140777547	140777880	0.0167	0.373015873015873	1.0
chr7	154602967	154603300	0.024	0.05555555555555555	0.7820363917924893
chr7	154603300	154603634	0.0135	0.23809523809523808	1.0
chr7	154603634	154603968	0.0118	0.07142857142857142	0.7820363917924893
chr7	154603968	154604301	0.021	0.23809523809523808	1.0
chr7	154604634	154604967	0.0274	0.11904761904761904	0.8274449564772145
chr7	154604967	154605300	0.0049	0.5476190476190477	1.0
chr7	154605300	154605633	0.0064	0.3888888888888889	1.0
chr7	154605633	154605966	0.007	0.2777777777777778	1.0
chr7	154611967	154612302	0.0007	0.6666666666666666	1.0
chr7	154612302	154612638	0.0038	0.3492063492063492	1.0
chr7	154612638	154612973	0.0004	0.6507936507936508	1.0
chr7	154612973	154613308	0.0002	0.6190476190476191	1.0
chr7	154613308	154613643	0.0033	0.2777777777777778	1.0
chr7	154613643	154613978	0.0035	0.373015873015873	1.0
chr9	35695529	35695856	0.1841	0.8571428571428571	1.0
chr9	35695856	35696184	0.1928	0.8015873015873016	1.0
chr9	35696184	35696512	0.1902	0.8571428571428571	1.0
chr9	35696512	35696839	0.1877	0.8650793650793651	1.0
chr9	35696839	35697166	0.1924	0.8888888888888888	1.0
chr9	35683525	35683858	0.0149	0.7857142857142857	1.0
chr9	35683858	35684192	0.0474	0.5238095238095238	1.0
chr9	35684192	35684526	0.0087	0.753968253968254	1.0
chr9	35684526	35684859	0.0063	0.6031746031746031	1.0
chr9	35684859	35685192	0.0075	0.30952380952380953	1.0
chr9	35685192	35685525	0.0208	0.30158730158730157	1.0
chr9	35685525	35685858	0.0251	0.2619047619047619	1.0
chr9	35685858	35686191	0.0153	0.2222222222222222	1.0
chr9	35686191	35686524	0.0091	0.7936507936507936	1.0
chr9	35680525	35680858	0.0238	0.8650793650793651	1.0
chr9	35680858	35681192	0.0021	0.9841269841269841	1.0
chr9	35681192	35681526	0.0015	0.8650793650793651	1.0
chr9	35681526	35681859	0.0055	0.7301587301587301	1.0
chr9	35681859	35682192	0.0444	0.996031746031746	1.0
chr9	35682192	35682525	0.0112	0.9841269841269841	1.0
chr9	35682525	35682858	0.0019	0.9761904761904762	1.0
chr9	35682858	35683191	0.0117	0.9761904761904762	1.0
chr9	35683191	35683524	0.0013	0.8412698412698413	1.0
chr9	35692525	35692858	0.0079	0.36507936507936506	1.0
chr9	35692858	35693192	0.0671	0.7301587301587301	1.0
chr9	35693192	35693526	0.0282	0.7380952380952381	1.0
chr9	35693526	35693860	0.0083	0.7936507936507936	1.0
chr9	35693860	35694194	0.0045	0.6111111111111112	1.0
chr9	35694194	35694528	0.0283	0.6507936507936508	1.0
chr9	35694528	35694862	0.0409	0.6587301587301587	1.0
chr9	35694862	35695195	0.0088	0.24603174603174602	1.0
chr9	35695195	35695528	0.0157	0.5714285714285714	1.0
chr9	35689525	35689858	0.0094	0.2857142857142857	1.0
chr9	35689858	35690192	0.0088	0.2619047619047619	1.0
chr9	35690192	35690526	0.0078	0.1984126984126984	0.9775454897406116
chr9	35690526	35690859	0.0102	0.1746031746031746	0.9405291005291004
chr9	35690859	35691192	0.0137	0.23015873015873015	1.0
chr9	35691192	35691525	0.0093	0.40476190476190477	1.0
chr9	35691525	35691858	0.0037	0.015873015873015872	0.4580498866213152
chr9	35691858	35692191	0.0037	0.015873015873015872	0.4580498866213152
chr9	35692191	35692524	0.0046	0.007936507936507936	0.4580498866213152
chr9	35677525	35677858	0.0113	0.873015873015873	1.0
chr9	35677858	35678192	0.0713	0.9841269841269841	1.0
chr9	35678192	35678526	0.0312	1.0	1.0
chr9	35678526	35678859	0.0123	0.3412698412698413	1.0
chr9	35678859	35679192	0.0121	0.29365079365079366	1.0
chr9	35679192	35679525	0.0064	0.42857142857142855	1.0
chr9	35679525	35679858	0.0077	0.626984126984127	1.0
chr9	35679858	35680191	0.0739	0.9365079365079365	1.0
chr9	35680191	35680524	0.0054	0.5873015873015873	1.0
chr9	35686525	35686858	0.0082	0.7619047619047619	1.0
chr9	35686858	35687192	0.0094	0.9206349206349206	1.0
chr9	35687192	35687526	0.0014	0.2222222222222222	1.0
chr9	35687526	35687859	0.0008	0.047619047619047616	0.7820363917924893
chr9	35687859	35688192	0.0107	0.6746031746031746	1.0
chr9	35688192	35688525	0.0013	0.07142857142857142	0.7820363917924893
chr9	35688525	35688858	0.0011	0.07142857142857142	0.7820363917924893
chr9	35688858	35689191	0.0023	0.6587301587301587	1.0
chr9	35689191	35689524	0.0185	0.9920634920634921	1.0
chr11	67583036	67583369	0.0021	0.20634920634920634	0.9924414210128495
chr11	67583369	67583703	0.0016	0.16666666666666666	0.9099099099099099
chr11	67583703	67584037	0.003	0.14285714285714285	0.8614072494669509
chr11	67584037	67584370	0.0028	0.16666666666666666	0.9099099099099099
chr11	67584370	67584703	0.0026	0.21428571428571427	1.0
chr11	67584703	67585036	0.0007	0.3412698412698413	1.0
chr11	67585036	67585369	0.0012	0.626984126984127	1.0
chr11	67585369	67585702	0.0014	0.6746031746031746	1.0
chr11	67585702	67586035	0.0019	0.6904761904761905	1.0
chr11	67577032	67577365	0.005	0.5873015873015873	1.0
chr11	67577365	67577699	0.016	0.4365079365079365	1.0
chr11	67577699	67578033	0.008	0.5158730158730159	1.0
chr11	67578033	67578366	0.008	0.5634920634920635	1.0
chr11	67578366	67578699	0.0028	0.7619047619047619	1.0
chr11	67578699	67579032	0.0137	0.5238095238095238	1.0
chr11	67579032	67579365	0.0038	0.6111111111111112	1.0
chr11	67579365	67579698	0.0135	0.5317460317460317	1.0
chr11	67579698	67580031	0.0041	0.8174603174603174	1.0
chr11	67580032	67580365	0.0033	0.8333333333333334	1.0
chr11	67580365	67580699	0.0019	0.8571428571428571	1.0
chr11	67580699	67581033	0.0023	0.8492063492063492	1.0
chr11	67581033	67581367	0.0033	0.8809523809523809	1.0
chr11	67581367	67581701	0.003	0.9047619047619048	1.0
chr11	67581701	67582035	0.0045	0.9126984126984127	1.0
chr11	67582035	67582369	0.003	0.8888888888888888	1.0
chr11	67582369	67582702	0.0014	0.9682539682539683	1.0
chr11	67582702	67583035	0.0112	0.8650793650793651	1.0
chr11	67586036	67586369	0.0288	0.36507936507936506	1.0
chr11	67586369	67586703	0.0515	0.4603174603174603	1.0
chr11	67586703	67587037	0.0612	0.45634920634920634	1.0
chr11	67587370	67587703	0.0298	0.6587301587301587	1.0
chr11	67587703	67588036	0.2178	0.5079365079365079	1.0
chr11	67588036	67588369	0.0287	0.4603174603174603	1.0
chr11	67588369	67588702	0.0259	0.48412698412698413	1.0
chr11	67588702	67589035	0.0922	0.47619047619047616	1.0
chr11	67592040	67592355	0.0045	0.626984126984127	1.0
chr11	67592355	67592671	0.04	0.7301587301587301	1.0
chr11	67592671	67592987	0.0063	0.5317460317460317	1.0
chr11	67592987	67593302	0.0169	0.6587301587301587	1.0
chr11	67593302	67593617	0.0424	0.7063492063492064	1.0
chr11	67593617	67593932	0.0153	0.8412698412698413	1.0
chr11	67593932	67594247	0.011	0.6190476190476191	1.0
chr11	67589036	67589369	0.0826	0.42063492063492064	1.0
chr11	67589369	67589703	0.0849	0.36904761904761907	1.0
chr11	67589703	67590037	0.0865	0.30952380952380953	1.0
chr11	67590037	67590371	0.083	0.4126984126984127	1.0
chr11	67590371	67590705	0.0818	0.7380952380952381	1.0
chr11	67590705	67591039	0.0891	0.8214285714285714	1.0
chr11	67591039	67591373	0.0813	0.6785714285714286	1.0
chr11	67591373	67591706	0.085	0.38095238095238093	1.0
chr11	67591706	67592039	0.0859	0.32142857142857145	1.0
chr12	25247310	25247643	0.0654	0.9365079365079365	1.0
chr12	25247976	25248309	0.0399	0.6666666666666666	1.0
chr12	25248309	25248642	0.0497	0.626984126984127	1.0
chr12	25248642	25248975	0.0343	0.6984126984126984	1.0
chr12	25248975	25249308	0.0495	0.8492063492063492	1.0
chr12	25249308	25249641	0.0429	0.7777777777777778	1.0
chr12	25249641	25249974	0.0371	0.6984126984126984	1.0
chr12	25240978	25241311	0.1496	0.6904761904761905	1.0
chr12	25241311	25241645	0.1321	0.6666666666666666	1.0
chr12	25241645	25241979	0.1279	0.6666666666666666	1.0
chr12	25241979	25242312	0.12	0.6507936507936508	1.0
chr12	25242312	25242645	0.1263	0.6587301587301587	1.0
chr12	25242645	25242978	0.1311	0.6666666666666666	1.0
chr12	25242978	25243311	0.1274	0.6587301587301587	1.0
chr12	25243311	25243644	0.1822	0.6904761904761905	1.0
chr12	25237978	25238311	0.0201	0.1984126984126984	0.9775454897406116
chr12	25238311	25238645	0.0217	0.23809523809523808	1.0
chr12	25238979	25239312	0.0318	0.3253968253968254	1.0
chr12	25239312	25239645	0.0218	0.40476190476190477	1.0
chr12	25239645	25239978	0.0954	0.8888888888888888	1.0
chr12	25239978	25240311	0.0333	0.6746031746031746	1.0
chr12	25240311	25240644	0.0188	0.2222222222222222	1.0
chr12	25249975	25250308	0.0677	0.5	1.0
chr12	25250308	25250642	0.1538	0.6111111111111112	1.0
chr12	25250642	25250976	0.1359	0.6111111111111112	1.0
chr12	25250976	25251309	0.1284	0.6746031746031746	1.0
chr12	25251309	25251642	0.1431	0.5634920634920635	1.0
chr12	25251642	25251975	0.0463	0.38095238095238093	1.0
chr12	25251975	25252308	0.0293	0.4126984126984127	1.0
chr12	25252308	25252641	0.0427	0.2698412698412698	1.0
chr12	25252641	25252974	0.0416	0.047619047619047616	0.7820363917924893
chr12	25243978	25244311	0.0127	0.3253968253968254	1.0
chr12	25244311	25244645	0.0194	0.15873015873015872	0.8906525573192239
chr12	25244645	25244979	0.0164	0.12698412698412698	0.8274449564772145
chr12	25244979	25245312	0.0167	0.1984126984126984	0.9775454897406116
chr12	25245312	25245645	0.2159	0.23015873015873015	1.0
chr12	25245645	25245978	0.3152	0.19047619047619047	0.9775454897406116
chr12	25245978	25246311	0.2422	0.1865079365079365	0.9775454897406116
chr12	25246311	25246644	0.073	0.5158730158730159	1.0
chr12	25246644	25246977	0.2228	0.1984126984126984	0.9775454897406116
chr12	25252975	25253323	0.0682	0.15079365079365079	0.8829077524729698
chr12	25253323	25253672	0.0625	0.14285714285714285	0.8614072494669509
chr12	25253672	25254021	0.0453	0.15079365079365079	0.8829077524729698
chr12	25254021	25254370	0.0898	0.3888888888888889	1.0
chr16	67970369	67970702	0.0014	0.5634920634920635	1.0
chr16	67970702	67971036	0.0026	0.42857142857142855	1.0
chr16	67971036	67971370	0.0027	0.6349206349206349	1.0
chr16	67971370	67971703	0.0181	0.5476190476190477	1.0
chr16	67971703	67972036	0.0016	0.21428571428571427	1.0
chr16	67972036	67972369	0.0014	0.8968253968253969	1.0
chr16	67972369	67972702	0.003	0.8412698412698413	1.0
chr16	67972702	67973035	0.0028	0.9206349206349206	1.0
chr16	67973035	67973368	0.0147	0.6587301587301587	1.0
chr16	67964369	67964702	0.0011	0.9365079365079365	1.0
chr16	67964702	67965036	0.0003	0.8174603174603174	1.0
chr16	67965036	67965370	0.002	0.8253968253968254	1.0
chr16	67965370	67965703	0.0003	0.6507936507936508	1.0
chr16	67965703	67966036	0.0009	0.9047619047619048	1.0
chr16	67966036	67966369	0.0009	0.9126984126984127	1.0
chr16	67966369	67966702	0.0003	0.7063492063492064	1.0
chr16	67966702	67967035	0.0004	0.8253968253968254	1.0
chr16	67967035	67967368	0.001	0.9444444444444444	1.0
chr16	67958369	67958702	0.0878	0.11904761904761904	0.8274449564772145
chr16	67958702	67959036	0.0517	0.14285714285714285	0.8614072494669509
chr16	67959036	67959370	0.0911	0.11904761904761904	0.8274449564772145
chr16	67959370	67959703	0.0781	0.11507936507936507	0.8274449564772145
chr16	67959703	67960036	0.0853	0.1111111111111111	0.8274449564772145
chr16	67960036	67960369	0.0985	0.12301587301587301	0.8274449564772145
chr16	67960369	67960702	0.1139	0.4603174603174603	1.0
chr16	67960702	67961035	0.0862	0.11904761904761904	0.8274449564772145
chr16	67961035	67961368	0.1044	0.11507936507936507	0.8274449564772145
chr16	67955369	67955702	0.0389	0.015873015873015872	0.4580498866213152
chr16	67955702	67956036	0.0569	0.011904761904761904	0.4580498866213152
chr16	67956036	67956370	0.0957	0.003968253968253968	0.4580498866213152
chr16	67956370	67956703	0.0087	0.03968253968253968	0.7634164777021919
chr16	67956703	67957036	0.0231	0.023809523809523808	0.5658263305322129
chr16	67957036	67957369	0.2574	0.015873015873015872	0.4580498866213152
chr16	67957369	67957702	0.3413	0.007936507936507936	0.4580498866213152
chr16	67957702	67958035	0.0173	0.007936507936507936	0.4580498866213152
chr16	67958035	67958368	0.014	0.11904761904761904	0.8274449564772145
chr16	67967369	67967702	0.0002	0.8571428571428571	1.0
chr16	67967702	67968036	0.0001	0.6111111111111112	1.0
chr16	67968036	67968370	0.0003	0.6349206349206349	1.0
chr16	67968370	67968703	0.0003	0.7142857142857143	1.0
chr16	67968703	67969036	0.0003	0.6349206349206349	1.0
chr16	67969036	67969369	0.0001	0.5317460317460317	1.0
chr16	67969369	67969702	0.0003	0.7857142857142857	1.0
chr16	67969702	67970035	0.0003	0.8015873015873016	1.0
chr16	67970035	67970368	0.0002	0.8968253968253969	1.0
chr16	67973369	67973702	0.0017	0.8015873015873016	1.0
chr16	67973702	67974036	0.0009	0.6349206349206349	1.0
chr16	67974036	67974370	0.0011	0.8888888888888888	1.0
chr16	67974370	67974703	0.0007	0.7698412698412699	1.0
chr16	67974703	67975036	0.0004	0.9523809523809523	1.0
chr16	67975036	67975369	0.0014	0.7857142857142857	1.0
chr16	67975369	67975702	0.0006	0.9206349206349206	1.0
chr16	67975702	67976035	0.002	0.3253968253968254	1.0
chr16	67976035	67976368	0.0025	0.24603174603174602	1.0
chr16	67952369	67952702	0.0331	0.5634920634920635	1.0
chr16	67952702	67953036	0.0223	0.35714285714285715	1.0
chr16	67953036	67953370	0.0133	0.2619047619047619	1.0
chr16	67953370	67953703	0.0071	0.07142857142857142	0.7820363917924893
chr16	67953703	67954036	0.0081	0.09523809523809523	0.8274449564772145
chr16	67954036	67954369	0.0298	0.6904761904761905	1.0
chr16	67954369	67954702	0.007	0.05555555555555555	0.7820363917924893
chr16	67954702	67955035	0.0222	0.5793650793650794	1.0
chr16	67955035	67955368	0.0064	0.031746031746031744	0.7125220458553791
chr16	67961369	67961702	0.0001	1.0	1.0
chr16	67961702	67962036	0.0001	0.9444444444444444	1.0
chr16	67962036	67962370	0.0	0.9841269841269841	1.0
chr16	67962370	67962703	0.0	0.9841269841269841	1.0
chr16	67962703	67963036	0.0	0.9920634920634921	1.0
chr16	67963036	67963369	0.0001	0.9841269841269841	1.0
chr16	67963369	67963702	0.0	0.9920634920634921	1.0
chr16	67963702	67964035	0.0007	0.8412698412698413	1.0
chr16	67964035	67964368	0.001	0.8492063492063492	1.0
chr17	41523522	41523854	0.0046	NaN	NaN
chr17	41523854	41524187	0.0051	NaN	NaN
chr17	41524187	41524519	0.0055	NaN	NaN
chr17	41524519	41524851	0.001	NaN	NaN
chr17	41524851	41525183	0.0085	NaN	NaN
chr17	41525183	41525515	0.0075	NaN	NaN
chr17	41525515	41525847	0.0016	NaN	NaN
chr17	41525847	41526179	0.0068	NaN	NaN
chr17	41526179	41526511	0.0036	NaN	NaN
chr17	41520522	41520855	0.0092	0.6857142857142857	1.0
chr17	41520855	41521189	0.0168	0.7714285714285715	1.0
chr17	41521189	41521523	0.0249	0.7714285714285715	1.0
chr17	41521523	41521856	0.0221	0.6285714285714286	1.0
chr17	41521856	41522189	0.0251	0.7714285714285715	1.0
chr17	41522189	41522522	0.0292	0.7714285714285715	1.0
chr17	41522522	41522855	0.0141	0.8	1.0
chr17	41522855	41523188	0.0365	0.6285714285714286	1.0
chr17	41523188	41523521	0.0077	0.9428571428571428	1.0
chr17	7681462	7681794	0.1262	0.7341269841269841	1.0
chr17	7681794	7682126	0.1522	0.5158730158730159	1.0
chr17	7678462	7678795	0.0046	0.7063492063492064	1.0
chr17	7678795	7679129	0.0058	0.8968253968253969	1.0
chr17	7679129	7679463	0.0041	0.6746031746031746	1.0
chr17	7679463	7679796	0.004	0.7142857142857143	1.0
chr17	7679796	7680129	0.0053	0.6428571428571429	1.0
chr17	7680129	7680462	0.0032	0.5238095238095238	1.0
chr17	7680462	7680795	0.0052	0.8492063492063492	1.0
chr17	7680795	7681128	0.0053	0.6031746031746031	1.0
chr17	7681128	7681461	0.0024	0.4365079365079365	1.0
chr17	41532512	41532845	0.0434	NaN	NaN
chr17	41532845	41533178	0.0672	NaN	NaN
chr17	41533178	41533511	0.0048	NaN	NaN
chr17	41533511	41533844	0.0045	NaN	NaN
chr17	41533844	41534177	0.0428	NaN	NaN
chr17	41534177	41534510	0.1405	NaN	NaN
chr17	41534510	41534843	0.0117	NaN	NaN
chr17	41534843	41535176	0.0112	NaN	NaN
chr17	41535176	41535509	0.0097	NaN	NaN
chr17	41529512	41529845	0.0306	NaN	NaN
chr17	41529845	41530179	0.0068	NaN	NaN
chr17	41530179	41530513	0.003	NaN	NaN
chr17	41530513	41530846	0.0127	NaN	NaN
chr17	41531179	41531512	0.0088	NaN	NaN
chr17	41531512	41531845	0.036	NaN	NaN
chr17	41532178	41532511	0.002	NaN	NaN
chr17	41517522	41517855	0.0077	NaN	NaN
chr17	41517855	41518189	0.0115	NaN	NaN
chr17	41518189	41518523	0.0156	NaN	NaN
chr17	41518523	41518856	0.0119	NaN	NaN
chr17	41518856	41519189	0.0097	NaN	NaN
chr17	41519189	41519522	0.0132	NaN	NaN
chr17	41519522	41519855	0.0269	NaN	NaN
chr17	41519855	41520188	0.0105	NaN	NaN
chr17	41520188	41520521	0.0228	NaN	NaN
chr17	7669462	7669795	0.005	0.7698412698412699	1.0
chr17	7669795	7670129	0.009	0.626984126984127	1.0
chr17	7670129	7670463	0.0057	0.7142857142857143	1.0
chr17	7670463	7670796	0.031	0.5634920634920635	1.0
chr17	7670796	7671129	0.0025	0.7777777777777778	1.0
chr17	7671129	7671462	0.0107	0.7063492063492064	1.0
chr17	7671462	7671795	0.0119	0.7142857142857143	1.0
chr17	7671795	7672128	0.005	0.5793650793650794	1.0
chr17	7672128	7672461	0.0075	0.6746031746031746	1.0
chr17	7666465	7666797	0.0023	0.6746031746031746	1.0
chr17	7666797	7667130	0.0326	0.6984126984126984	1.0
chr17	7667130	7667463	0.005	0.11904761904761904	0.8274449564772145
chr17	7667463	7667796	0.0029	0.1349206349206349	0.8516865079365079
chr17	7667796	7668129	0.0015	0.7857142857142857	1.0
chr17	7668129	7668462	0.0083	0.8253968253968254	1.0
chr17	7668462	7668795	0.0074	0.7301587301587301	1.0
chr17	7668795	7669128	0.0011	0.12698412698412698	0.8274449564772145
chr17	7669128	7669461	0.0039	0.12698412698412698	0.8274449564772145
chr17	41526512	41526845	0.0165	NaN	NaN
chr17	41526845	41527179	0.0188	NaN	NaN
chr17	41527179	41527513	0.0172	NaN	NaN
chr17	41527513	41527846	0.0389	NaN	NaN
chr17	41527846	41528179	0.0612	NaN	NaN
chr17	41528179	41528512	0.0473	NaN	NaN
chr17	41528512	41528845	0.0155	NaN	NaN
chr17	41528845	41529178	0.0204	NaN	NaN
chr17	41529178	41529511	0.0088	NaN	NaN
chr17	7675462	7675795	0.0506	0.9365079365079365	1.0
chr17	7675795	7676129	0.053	0.7698412698412699	1.0
chr17	7676129	7676463	0.0505	0.8650793650793651	1.0
chr17	7676463	7676796	0.0505	0.8253968253968254	1.0
chr17	7676796	7677129	0.0513	0.8809523809523809	1.0
chr17	7677129	7677462	0.051	0.7976190476190477	1.0
chr17	7677462	7677795	0.0482	0.9206349206349206	1.0
chr17	7677795	7678128	0.0454	0.7777777777777778	1.0
chr17	7678128	7678461	0.0556	0.8849206349206349	1.0
chr17	7672795	7673129	0.0772	0.9682539682539683	1.0
chr17	7673129	7673463	0.1191	1.0	1.0
chr17	7673463	7673796	0.0758	0.9166666666666666	1.0
chr17	7673796	7674129	0.0813	0.9126984126984127	1.0
chr17	7674129	7674462	0.0319	0.9920634920634921	1.0
chr17	7674462	7674795	0.0679	0.9563492063492064	1.0
chr17	7674795	7675128	0.0218	0.9761904761904762	1.0
chr17	7675128	7675461	0.1957	0.9603174603174603	1.0
