chr3	49352623	49352956	0.2842
chr3	49352956	49353290	0.3384
chr3	49353290	49353624	0.4053
chr3	49353624	49353957	0.5001
chr3	49353957	49354290	0.4481
chr3	49354290	49354623	0.5114
chr3	49354623	49354956	0.348
chr3	49354956	49355289	0.3323
chr3	49355289	49355622	0.3569
chr3	49355623	49355956	0.516
chr3	49355956	49356290	0.3714
chr3	49356290	49356624	0.9392
chr3	49356624	49356957	0.4281
chr3	49356957	49357290	0.2944
chr3	49357290	49357623	0.0104
chr3	49357623	49357956	0.0002
chr3	49357956	49358289	0.0
chr3	49358289	49358622	0.0004
chr3	49358623	49358956	0.0806
chr3	49358956	49359290	0.9494
chr3	49359290	49359624	0.449
chr3	49359624	49359957	0.7027
chr3	49359957	49360290	0.4832
chr3	49360290	49360623	0.4055
chr3	49360623	49360956	0.5442
chr3	49360956	49361289	0.2662
chr3	49361289	49361622	0.1758
chr3	49361623	49361956	0.4506
chr3	49361956	49362290	0.296
chr3	49362290	49362624	0.4144
chr3	49362624	49362957	0.4597
chr3	49362957	49363290	0.3156
chr3	49363290	49363623	0.2592
chr3	49363623	49363956	0.2289
chr3	49363956	49364289	0.2399
chr3	49364289	49364622	0.2533
chr3	49364623	49364932	0.4949
chr3	49364932	49365242	0.272
chr3	49365242	49365551	0.214
chr3	49365551	49365860	0.2906
chr3	49365860	49366169	0.2656
chr7	140775214	140775547	0.3965
chr7	140775547	140775881	0.5364
chr7	140776215	140776548	0.3037
chr7	140776881	140777214	0.4533
chr7	140777214	140777547	0.3571
chr7	140777547	140777880	0.3416
chr7	140778547	140778881	0.7132
chr7	140778881	140779215	0.7069
chr7	140779548	140779881	0.2974
chr7	140779881	140780214	0.2043
chr7	140780214	140780547	0.2782
chr7	140780880	140781213	0.3255
chr7	140781214	140781547	0.0002
chr7	140781547	140781881	0.0117
chr7	140782215	140782548	0.0008
chr7	140782548	140782881	0.0006
chr7	140782881	140783214	0.0004
chr7	140783547	140783880	0.0001
chr7	140784214	140784547	0.0981
chr7	140784547	140784880	0.0887
chr7	140784880	140785213	0.0263
chr7	140785213	140785546	0.0994
chr7	140785546	140785879	0.0621
chr7	140785879	140786212	0.2385
chr7	140786545	140786878	0.5874
chr7	140786878	140787211	0.0595
chr7	154593967	154594300	0.0761
chr7	154594300	154594634	0.0079
chr7	154594634	154594968	0.0277
chr7	154594968	154595301	0.1144
chr7	154595301	154595634	0.1081
chr7	154595634	154595967	0.0927
chr7	154595967	154596300	0.064
chr7	154596300	154596633	0.0314
chr7	154596633	154596966	0.0832
chr7	154597300	154597634	0.6069
chr7	154597634	154597968	0.5373
chr7	154597968	154598301	0.7126
chr7	154598301	154598634	0.8141
chr7	154598634	154598967	0.8569
chr7	154598967	154599300	0.7111
chr7	154599300	154599633	0.6285
chr7	154599633	154599966	0.6704
chr7	154599967	154600300	0.5138
chr7	154600300	154600634	0.6109
chr7	154600634	154600968	0.6832
chr7	154600968	154601301	0.8376
chr7	154601301	154601634	0.9236
chr7	154601634	154601967	0.9806
chr7	154601967	154602300	0.9233
chr7	154602300	154602633	0.8022
chr7	154602633	154602966	0.8015
chr7	154602967	154603300	0.5566
chr7	154603300	154603634	0.4127
chr7	154603634	154603968	0.511
chr7	154603968	154604301	0.5341
chr7	154604634	154604967	0.5725
chr7	154604967	154605300	0.7522
chr7	154605300	154605633	0.7811
chr7	154605633	154605966	0.7619
chr7	154606300	154606634	0.5488
chr7	154606634	154606968	0.9327
chr7	154606968	154607301	0.695
chr7	154607301	154607634	0.8485
chr7	154607634	154607967	0.9954
chr7	154607967	154608300	0.7946
chr7	154608300	154608633	0.8152
chr7	154608633	154608966	0.8944
chr7	154608967	154609300	0.8878
chr7	154609300	154609634	0.9741
chr7	154609634	154609968	0.8959
chr7	154609968	154610301	0.9083
chr7	154610301	154610634	0.8852
chr7	154610634	154610967	0.8408
chr7	154610967	154611300	0.6165
chr7	154611300	154611633	0.7761
chr7	154611967	154612302	0.9959
chr7	154612302	154612638	0.9236
chr7	154612638	154612973	0.9969
chr7	154612973	154613308	0.9904
chr7	154613308	154613643	0.7861
chr7	154613643	154613978	0.6174
chr9	35677525	35677858	0.6169
chr9	35677858	35678192	0.5867
chr9	35678192	35678526	0.6029
chr9	35678526	35678859	0.6224
chr9	35678859	35679192	0.618
chr9	35679192	35679525	0.6163
chr9	35679525	35679858	0.6131
chr9	35679858	35680191	0.5829
chr9	35680191	35680524	0.619
chr9	35680525	35680858	0.498
chr9	35680858	35681192	0.7747
chr9	35681192	35681526	0.882
chr9	35681526	35681859	0.9214
chr9	35681859	35682192	0.3943
chr9	35682192	35682525	0.6855
chr9	35682525	35682858	0.7581
chr9	35682858	35683191	0.5916
chr9	35683191	35683524	0.86
chr9	35683525	35683858	0.4153
chr9	35683858	35684192	0.1046
chr9	35684192	35684526	0.4497
chr9	35684526	35684859	0.4443
chr9	35684859	35685192	0.3998
chr9	35685192	35685525	0.3536
chr9	35685525	35685858	0.29
chr9	35685858	35686191	0.3035
chr9	35686191	35686524	0.522
chr9	35686525	35686858	0.9065
chr9	35686858	35687192	0.8174
chr9	35687192	35687526	0.961
chr9	35687526	35687859	0.9626
chr9	35687859	35688192	0.7686
chr9	35688192	35688525	0.9397
chr9	35688525	35688858	0.948
chr9	35688858	35689191	0.9884
chr9	35689191	35689524	0.5884
chr9	35689525	35689858	0.1796
chr9	35689858	35690192	0.0208
chr9	35690192	35690526	0.0477
chr9	35690526	35690859	0.018
chr9	35690859	35691192	0.0489
chr9	35691192	35691525	0.3926
chr9	35691525	35691858	0.4812
chr9	35691858	35692191	0.4208
chr9	35692191	35692524	0.1931
chr9	35692525	35692858	0.5997
chr9	35692858	35693192	0.6437
chr9	35693192	35693526	0.5715
chr9	35693526	35693860	0.5172
chr9	35693860	35694194	0.574
chr9	35694194	35694528	0.6368
chr9	35694528	35694862	0.6978
chr9	35694862	35695195	0.7124
chr9	35695195	35695528	0.7571
chr9	35695529	35695856	0.0
chr9	35695856	35696184	0.0
chr9	35696184	35696512	0.0
chr9	35696512	35696839	0.0
chr9	35696839	35697166	0.0
chr11	67577032	67577365	0.8037
chr11	67577365	67577699	0.5617
chr11	67577699	67578033	0.7122
chr11	67578033	67578366	0.7789
chr11	67578366	67578699	0.8666
chr11	67578699	67579032	0.7395
chr11	67579032	67579365	0.8311
chr11	67579365	67579698	0.6645
chr11	67579698	67580031	0.8913
chr11	67580032	67580365	0.7079
chr11	67580365	67580699	0.9932
chr11	67580699	67581033	0.9927
chr11	67581033	67581367	0.7346
chr11	67581367	67581701	0.8723
chr11	67581701	67582035	0.6468
chr11	67582035	67582369	0.6972
chr11	67582369	67582702	0.9758
chr11	67582702	67583035	0.5686
chr11	67583036	67583369	0.3369
chr11	67583369	67583703	0.051
chr11	67583703	67584037	0.0115
chr11	67584037	67584370	0.1283
chr11	67584370	67584703	0.2564
chr11	67584703	67585036	0.7846
chr11	67585036	67585369	0.3812
chr11	67585369	67585702	0.4647
chr11	67585702	67586035	0.5813
chr11	67586036	67586369	0.3657
chr11	67586369	67586703	0.1796
chr11	67586703	67587037	0.4118
chr11	67587370	67587703	0.553
chr11	67587703	67588036	0.096
chr11	67588036	67588369	0.701
chr11	67588369	67588702	0.6924
chr11	67588702	67589035	0.1988
chr11	67589036	67589369	0.4602
chr11	67589369	67589703	0.3698
chr11	67589703	67590037	0.3116
chr11	67590037	67590371	0.4485
chr11	67590371	67590705	0.6603
chr11	67590705	67591039	0.7165
chr11	67591039	67591373	0.6205
chr11	67591373	67591706	0.4109
chr11	67591706	67592039	0.3293
chr11	67592040	67592355	0.9282
chr11	67592355	67592671	0.6198
chr11	67592671	67592987	0.8999
chr11	67592987	67593302	0.8399
chr11	67593302	67593617	0.6479
chr11	67593617	67593932	0.8906
chr11	67593932	67594247	0.9912
chr12	25237978	25238311	0.2137
chr12	25238311	25238645	0.1772
chr12	25238979	25239312	0.1521
chr12	25239312	25239645	0.3779
chr12	25239645	25239978	0.2195
chr12	25239978	25240311	0.4807
chr12	25240311	25240644	0.2029
chr12	25240978	25241311	0.2109
chr12	25241311	25241645	0.1149
chr12	25241645	25241979	0.0922
chr12	25241979	25242312	0.0606
chr12	25242312	25242645	0.0839
chr12	25242645	25242978	0.1062
chr12	25242978	25243311	0.1011
chr12	25243311	25243644	0.4305
chr12	25243978	25244311	0.4965
chr12	25244311	25244645	0.5472
chr12	25244645	25244979	0.5505
chr12	25244979	25245312	0.5007
chr12	25245312	25245645	0.2224
chr12	25245645	25245978	0.0914
chr12	25245978	25246311	0.2432
chr12	25246311	25246644	0.304
chr12	25246644	25246977	0.1875
chr12	25247310	25247643	0.0083
chr12	25247976	25248309	0.139
chr12	25248309	25248642	0.0825
chr12	25248642	25248975	0.3326
chr12	25248975	25249308	0.0321
chr12	25249308	25249641	0.0533
chr12	25249641	25249974	0.3909
chr12	25249975	25250308	0.3552
chr12	25250308	25250642	0.0046
chr12	25250642	25250976	0.0001
chr12	25250976	25251309	0.0004
chr12	25251309	25251642	0.0199
chr12	25251642	25251975	0.627
chr12	25251975	25252308	0.435
chr12	25252308	25252641	0.2565
chr12	25252641	25252974	0.3173
chr12	25252975	25253323	0.5424
chr12	25253323	25253672	0.5633
chr12	25253672	25254021	0.7612
chr12	25254021	25254370	0.715
chr16	67952369	67952702	0.1954
chr16	67952702	67953036	0.2416
chr16	67953036	67953370	0.3095
chr16	67953370	67953703	0.4343
chr16	67953703	67954036	0.4506
chr16	67954036	67954369	0.3365
chr16	67954369	67954702	0.4087
chr16	67954702	67955035	0.3382
chr16	67955035	67955368	0.3974
chr16	67955369	67955702	0.3578
chr16	67955702	67956036	0.3163
chr16	67956036	67956370	0.2842
chr16	67956370	67956703	0.4243
chr16	67956703	67957036	0.4764
chr16	67957036	67957369	0.1605
chr16	67957369	67957702	0.2783
chr16	67957702	67958035	0.3706
chr16	67958035	67958368	0.4172
chr16	67958369	67958702	0.0526
chr16	67958702	67959036	0.0647
chr16	67959036	67959370	0.1067
chr16	67959370	67959703	0.1252
chr16	67959703	67960036	0.1528
chr16	67960036	67960369	0.1726
chr16	67960369	67960702	0.2283
chr16	67960702	67961035	0.0972
chr16	67961035	67961368	0.1109
chr16	67961369	67961702	0.5093
chr16	67961702	67962036	0.6003
chr16	67962036	67962370	0.6754
chr16	67962370	67962703	0.6781
chr16	67962703	67963036	0.7043
chr16	67963036	67963369	0.7326
chr16	67963369	67963702	0.999
chr16	67963702	67964035	0.238
chr16	67964035	67964368	0.2646
chr16	67964369	67964702	0.4982
chr16	67964702	67965036	0.9628
chr16	67965036	67965370	0.5511
chr16	67965370	67965703	0.9929
chr16	67965703	67966036	0.7876
chr16	67966036	67966369	0.7796
chr16	67966369	67966702	0.986
chr16	67966702	67967035	0.9579
chr16	67967035	67967368	0.6591
chr16	67967369	67967702	0.3689
chr16	67967702	67968036	0.4612
chr16	67968036	67968370	0.0484
chr16	67968370	67968703	0.0033
chr16	67968703	67969036	0.121
chr16	67969036	67969369	0.4142
chr16	67969369	67969702	0.2088
chr16	67969702	67970035	0.2627
chr16	67970035	67970368	0.4694
chr16	67970369	67970702	0.5867
chr16	67970702	67971036	0.5493
chr16	67971036	67971370	0.5503
chr16	67971370	67971703	0.3775
chr16	67971703	67972036	0.6194
chr16	67972036	67972369	0.5536
chr16	67972369	67972702	0.5004
chr16	67972702	67973035	0.5069
chr16	67973035	67973368	0.3833
chr16	67973369	67973702	0.4384
chr16	67973702	67974036	0.9289
chr16	67974036	67974370	0.6703
chr16	67974370	67974703	0.8102
chr16	67974703	67975036	0.9437
chr16	67975036	67975369	0.5741
chr16	67975369	67975702	0.8508
chr16	67975702	67976035	0.7232
chr16	67976035	67976368	0.7326
chr17	7666465	7666797	0.5663
chr17	7666797	7667130	0.1978
chr17	7667130	7667463	0.4582
chr17	7667463	7667796	0.4942
chr17	7667796	7668129	0.4746
chr17	7668129	7668462	0.4202
chr17	7668462	7668795	0.4291
chr17	7668795	7669128	0.5043
chr17	7669128	7669461	0.4789
chr17	7669462	7669795	0.4116
chr17	7669795	7670129	0.1714
chr17	7670129	7670463	0.2186
chr17	7670463	7670796	0.0363
chr17	7670796	7671129	0.3384
chr17	7671129	7671462	0.1653
chr17	7671462	7671795	0.1445
chr17	7671795	7672128	0.2853
chr17	7672128	7672461	0.1582
chr17	7672795	7673129	0.2408
chr17	7673129	7673463	0.197
chr17	7673463	7673796	0.2411
chr17	7673796	7674129	0.1976
chr17	7674129	7674462	0.1766
chr17	7674462	7674795	0.1482
chr17	7674795	7675128	0.1545
chr17	7675128	7675461	0.143
chr17	7675462	7675795	0.3206
chr17	7675795	7676129	0.0771
chr17	7676129	7676463	0.189
chr17	7676463	7676796	0.1121
chr17	7676796	7677129	0.2265
chr17	7677129	7677462	0.1033
chr17	7677462	7677795	0.2991
chr17	7677795	7678128	0.1599
chr17	7678128	7678461	0.2742
chr17	7678462	7678795	0.1724
chr17	7678795	7679129	0.1039
chr17	7679129	7679463	0.1622
chr17	7679463	7679796	0.2347
chr17	7679796	7680129	0.235
chr17	7680129	7680462	0.3072
chr17	7680462	7680795	0.1142
chr17	7680795	7681128	0.1247
chr17	7681128	7681461	0.3298
chr17	7681462	7681794	0.1952
chr17	7681794	7682126	0.097
chr17	41520522	41520855	0.9771
chr17	41520855	41521189	0.9117
chr17	41521189	41521523	0.7839
chr17	41521523	41521856	0.7113
chr17	41521856	41522189	0.6384
chr17	41522189	41522522	0.6184
chr17	41522522	41522855	0.9747
chr17	41522855	41523188	0.5364
chr17	41523188	41523521	0.8891
chr17	41523522	41523854	0.5073
chr17	41523854	41524187	0.363
chr17	41524187	41524519	0.3662
chr17	41524519	41524851	0.9403
chr17	41524851	41525183	0.2019
chr17	41525183	41525515	0.4589
chr17	41525515	41525847	0.948
chr17	41525847	41526179	0.3131
chr17	41526179	41526511	0.3899
chr17	41526512	41526845	0.3735
chr17	41526845	41527179	0.3603
chr17	41527179	41527513	0.3226
chr17	41527513	41527846	0.2466
chr17	41527846	41528179	0.1387
chr17	41528179	41528512	0.1241
chr17	41528512	41528845	0.3974
chr17	41528845	41529178	0.298
chr17	41529178	41529511	0.5911
chr17	41529512	41529845	0.7819
chr17	41529845	41530179	0.9729
chr17	41530179	41530513	0.9884
chr17	41530513	41530846	0.8875
chr17	41531179	41531512	0.9986
chr17	41531512	41531845	0.691
chr17	41532178	41532511	0.9981
chr17	41532512	41532845	0.5416
chr17	41532845	41533178	0.4963
chr17	41533178	41533511	0.7409
chr17	41533511	41533844	0.7375
chr17	41533844	41534177	0.5778
chr17	41534177	41534510	0.4192
chr17	41534510	41534843	0.5648
chr17	41534843	41535176	0.6132
chr17	41535176	41535509	0.7085
