chr3	49352623	49352956	0.2042
chr3	49352956	49353290	0.1502
chr3	49353290	49353624	0.1078
chr3	49353624	49353957	0.1675
chr3	49353957	49354290	0.0325
chr3	49354290	49354623	0.1688
chr3	49354623	49354956	0.0742
chr3	49354956	49355289	0.1125
chr3	49355289	49355622	0.2622
chr3	49355623	49355956	0.3901
chr3	49355956	49356290	0.3095
chr3	49356290	49356624	0.6324
chr3	49356624	49356957	0.3293
chr3	49356957	49357290	0.6296
chr3	49357290	49357623	0.173
chr3	49357623	49357956	0.0162
chr3	49357956	49358289	0.003
chr3	49358289	49358622	0.0203
chr3	49358623	49358956	0.1524
chr3	49358956	49359290	0.9827
chr3	49359290	49359624	0.6185
chr3	49359624	49359957	0.823
chr3	49359957	49360290	0.584
chr3	49360290	49360623	0.4543
chr3	49360623	49360956	0.6094
chr3	49360956	49361289	0.3714
chr3	49361289	49361622	0.2812
chr3	49361623	49361956	0.4711
chr3	49361956	49362290	0.188
chr3	49362290	49362624	0.3321
chr3	49362624	49362957	0.5515
chr3	49362957	49363290	0.2827
chr3	49363290	49363623	0.2622
chr3	49363623	49363956	0.275
chr3	49363956	49364289	0.3201
chr3	49364289	49364622	0.2726
chr3	49364623	49364932	0.0353
chr3	49364932	49365242	0.0074
chr3	49365242	49365551	0.0448
chr3	49365551	49365860	0.0105
chr3	49365860	49366169	0.0026
chr5	58382389	58382722	0.8368
chr5	58382722	58383056	0.89
chr5	58383390	58383723	0.6668
chr5	58383723	58384056	0.7649
chr5	58384056	58384389	0.5477
chr5	58384389	58384722	0.5371
chr5	58384722	58385055	0.9054
chr5	58385055	58385388	0.7261
chr5	58385389	58385722	0.7391
chr5	58385722	58386056	0.7889
chr5	58386056	58386390	0.8433
chr5	58386390	58386723	0.8472
chr5	58386723	58387056	0.8481
chr5	58387056	58387389	0.8111
chr5	58387389	58387722	0.8185
chr5	58387722	58388055	0.8426
chr5	58388055	58388388	0.8447
chr5	58388389	58388722	0.9708
chr5	58388722	58389056	0.9484
chr5	58389056	58389390	0.9493
chr5	58389390	58389723	0.8478
chr5	58389723	58390056	0.638
chr5	58390056	58390389	0.844
chr5	58390389	58390722	0.9112
chr5	58390722	58391055	0.864
chr5	58391055	58391388	0.5456
chr5	58391722	58392056	0.8492
chr5	58392056	58392390	0.9552
chr5	58392390	58392723	0.9075
chr5	58392723	58393056	0.87
chr5	58393056	58393389	0.8677
chr5	58393722	58394055	0.8745
chr5	58394055	58394388	0.9148
chr7	140775214	140775547	0.1133
chr7	140775547	140775881	0.2595
chr7	140776215	140776548	0.0199
chr7	140776881	140777214	0.0799
chr7	140777214	140777547	0.036
chr7	140777547	140777880	0.0325
chr7	140778547	140778881	0.0001
chr7	140778881	140779215	0.0001
chr7	140779548	140779881	0.0001
chr7	140779881	140780214	0.0
chr7	140780214	140780547	0.0001
chr7	140780880	140781213	0.0001
chr7	140781214	140781547	0.5804
chr7	140781547	140781881	0.8994
chr7	140782215	140782548	0.7987
chr7	140782548	140782881	0.6675
chr7	140782881	140783214	0.7823
chr7	140783547	140783880	0.9819
chr7	140784214	140784547	0.0321
chr7	140784547	140784880	0.0218
chr7	140784880	140785213	0.0064
chr7	140785213	140785546	0.0351
chr7	140785546	140785879	0.0237
chr7	140785879	140786212	0.1303
chr7	140786545	140786878	0.0794
chr7	140786878	140787211	0.0029
chr7	154593967	154594300	0.1123
chr7	154594300	154594634	0.0106
chr7	154594634	154594968	0.039
chr7	154594968	154595301	0.1637
chr7	154595301	154595634	0.1567
chr7	154595634	154595967	0.1347
chr7	154595967	154596300	0.0926
chr7	154596300	154596633	0.0449
chr7	154596633	154596966	0.1203
chr7	154597300	154597634	0.2191
chr7	154597634	154597968	0.2801
chr7	154597968	154598301	0.197
chr7	154598301	154598634	0.1152
chr7	154598634	154598967	0.1097
chr7	154598967	154599300	0.1546
chr7	154599300	154599633	0.2084
chr7	154599633	154599966	0.2146
chr7	154599967	154600300	0.1803
chr7	154600300	154600634	0.1593
chr7	154600634	154600968	0.4074
chr7	154600968	154601301	0.3114
chr7	154601301	154601634	0.6936
chr7	154601634	154601967	0.9517
chr7	154601967	154602300	0.6904
chr7	154602300	154602633	0.3501
chr7	154602633	154602966	0.4418
chr7	154602967	154603300	0.0241
chr7	154603300	154603634	0.1151
chr7	154603634	154603968	0.0571
chr7	154603968	154604301	0.3001
chr7	154604634	154604967	0.3493
chr7	154604967	154605300	0.1194
chr7	154605300	154605633	0.1365
chr7	154605633	154605966	0.155
chr7	154606300	154606634	0.1776
chr7	154606634	154606968	0.6695
chr7	154606968	154607301	0.9312
chr7	154607301	154607634	0.9558
chr7	154607634	154607967	0.8996
chr7	154607967	154608300	0.6039
chr7	154608300	154608633	0.6851
chr7	154608633	154608966	0.7071
chr7	154608967	154609300	0.2975
chr7	154609300	154609634	0.7101
chr7	154609634	154609968	0.373
chr7	154609968	154610301	0.3927
chr7	154610301	154610634	0.3987
chr7	154610634	154610967	0.3112
chr7	154610967	154611300	0.1372
chr7	154611300	154611633	0.1287
chr7	154611967	154612302	0.6719
chr7	154612302	154612638	0.5904
chr7	154612638	154612973	0.6848
chr7	154612973	154613308	0.6878
chr7	154613308	154613643	0.5784
chr7	154613643	154613978	0.4937
chr9	35677525	35677858	0.6424
chr9	35677858	35678192	0.3245
chr9	35678192	35678526	0.4391
chr9	35678526	35678859	0.6886
chr9	35678859	35679192	0.6117
chr9	35679192	35679525	0.603
chr9	35679525	35679858	0.5552
chr9	35679858	35680191	0.3429
chr9	35680191	35680524	0.66
chr9	35680525	35680858	0.2308
chr9	35680858	35681192	0.2683
chr9	35681192	35681526	0.0985
chr9	35681526	35681859	0.062
chr9	35681859	35682192	0.5097
chr9	35682192	35682525	0.2814
chr9	35682525	35682858	0.293
chr9	35682858	35683191	0.6263
chr9	35683191	35683524	0.1698
chr9	35683525	35683858	0.2869
chr9	35683858	35684192	0.6821
chr9	35684192	35684526	0.2277
chr9	35684526	35684859	0.1953
chr9	35684859	35685192	0.1741
chr9	35685192	35685525	0.1787
chr9	35685525	35685858	0.1989
chr9	35685858	35686191	0.225
chr9	35686191	35686524	0.1923
chr9	35686525	35686858	0.6987
chr9	35686858	35687192	0.7283
chr9	35687192	35687526	0.6844
chr9	35687526	35687859	0.6754
chr9	35687859	35688192	0.8013
chr9	35688192	35688525	0.772
chr9	35688525	35688858	0.7472
chr9	35688858	35689191	0.5516
chr9	35689191	35689524	0.4834
chr9	35689525	35689858	0.3109
chr9	35689858	35690192	0.1938
chr9	35690192	35690526	0.3364
chr9	35690526	35690859	0.1795
chr9	35690859	35691192	0.2293
chr9	35691192	35691525	0.4003
chr9	35691525	35691858	0.6222
chr9	35691858	35692191	0.6725
chr9	35692191	35692524	0.3819
chr9	35692525	35692858	0.1127
chr9	35692858	35693192	0.4696
chr9	35693192	35693526	0.508
chr9	35693526	35693860	0.3119
chr9	35693860	35694194	0.2904
chr9	35694194	35694528	0.3945
chr9	35694528	35694862	0.2921
chr9	35694862	35695195	0.1523
chr9	35695195	35695528	0.4289
chr9	35695529	35695856	0.0001
chr9	35695856	35696184	0.0001
chr9	35696184	35696512	0.0001
chr9	35696512	35696839	0.0001
chr9	35696839	35697166	0.0001
chr11	67577032	67577365	0.6934
chr11	67577365	67577699	0.1749
chr11	67577699	67578033	0.3352
chr11	67578033	67578366	0.7564
chr11	67578366	67578699	0.8502
chr11	67578699	67579032	0.5418
chr11	67579032	67579365	0.7436
chr11	67579365	67579698	0.6731
chr11	67579698	67580031	0.8474
chr11	67580032	67580365	0.4634
chr11	67580365	67580699	0.8195
chr11	67580699	67581033	0.7933
chr11	67581033	67581367	0.4898
chr11	67581367	67581701	0.7982
chr11	67581701	67582035	0.5145
chr11	67582035	67582369	0.5395
chr11	67582369	67582702	0.8415
chr11	67582702	67583035	0.5741
chr11	67583036	67583369	0.4107
chr11	67583369	67583703	0.0486
chr11	67583703	67584037	0.0105
chr11	67584037	67584370	0.1333
chr11	67584370	67584703	0.3309
chr11	67584703	67585036	0.79
chr11	67585036	67585369	0.2469
chr11	67585369	67585702	0.312
chr11	67585702	67586035	0.3513
chr11	67586036	67586369	0.3595
chr11	67586369	67586703	0.3197
chr11	67586703	67587037	0.359
chr11	67587370	67587703	0.5025
chr11	67587703	67588036	0.2567
chr11	67588036	67588369	0.5037
chr11	67588369	67588702	0.5122
chr11	67588702	67589035	0.2945
chr11	67589036	67589369	0.5986
chr11	67589369	67589703	0.6445
chr11	67589703	67590037	0.7163
chr11	67590037	67590371	0.5848
chr11	67590371	67590705	0.5533
chr11	67590705	67591039	0.394
chr11	67591039	67591373	0.5489
chr11	67591373	67591706	0.592
chr11	67591706	67592039	0.7032
chr11	67592040	67592355	0.9966
chr11	67592355	67592671	0.7807
chr11	67592671	67592987	0.974
chr11	67592987	67593302	0.9535
chr11	67593302	67593617	0.8173
chr11	67593617	67593932	0.9302
chr11	67593932	67594247	0.6089
chr12	25237978	25238311	0.0007
chr12	25238311	25238645	0.0004
chr12	25238979	25239312	0.0005
chr12	25239312	25239645	0.0015
chr12	25239645	25239978	0.0003
chr12	25239978	25240311	0.0023
chr12	25240311	25240644	0.0005
chr12	25240978	25241311	0.0013
chr12	25241311	25241645	0.0006
chr12	25241645	25241979	0.0004
chr12	25241979	25242312	0.0003
chr12	25242312	25242645	0.0004
chr12	25242645	25242978	0.0005
chr12	25242978	25243311	0.0005
chr12	25243311	25243644	0.0075
chr12	25243978	25244311	0.4407
chr12	25244311	25244645	0.3639
chr12	25244645	25244979	0.3963
chr12	25244979	25245312	0.3157
chr12	25245312	25245645	0.5832
chr12	25245645	25245978	0.7889
chr12	25245978	25246311	0.2658
chr12	25246311	25246644	0.0642
chr12	25246644	25246977	0.282
chr12	25247310	25247643	0.004
chr12	25247976	25248309	0.065
chr12	25248309	25248642	0.038
chr12	25248642	25248975	0.1572
chr12	25248975	25249308	0.0158
chr12	25249308	25249641	0.0261
chr12	25249641	25249974	0.1567
chr12	25252975	25253323	0.7707
chr12	25253323	25253672	0.7912
chr12	25253672	25254021	0.8872
chr12	25254021	25254370	0.8014
chr16	67952369	67952702	0.0424
chr16	67952702	67953036	0.1417
chr16	67953036	67953370	0.0573
chr16	67953370	67953703	0.0627
chr16	67953703	67954036	0.0851
chr16	67954036	67954369	0.0165
chr16	67954369	67954702	0.0673
chr16	67954702	67955035	0.0187
chr16	67955035	67955368	0.0626
chr16	67955369	67955702	0.4304
chr16	67955702	67956036	0.4311
chr16	67956036	67956370	0.4288
chr16	67956370	67956703	0.2474
chr16	67956703	67957036	0.1588
chr16	67957036	67957369	0.4748
chr16	67957369	67957702	0.3234
chr16	67957702	67958035	0.3546
chr16	67958035	67958368	0.278
chr16	67958369	67958702	0.422
chr16	67958702	67959036	0.0686
chr16	67959036	67959370	0.5277
chr16	67959370	67959703	0.3276
chr16	67959703	67960036	0.4643
chr16	67960036	67960369	0.7023
chr16	67960369	67960702	0.3303
chr16	67960702	67961035	0.5181
chr16	67961035	67961368	0.71
chr16	67961369	67961702	0.4629
chr16	67961702	67962036	0.3675
chr16	67962036	67962370	0.3944
chr16	67962370	67962703	0.5178
chr16	67962703	67963036	0.4621
chr16	67963036	67963369	0.5395
chr16	67963369	67963702	0.6696
chr16	67963702	67964035	0.2548
chr16	67964035	67964368	0.1878
chr16	67964369	67964702	0.3661
chr16	67964702	67965036	0.7675
chr16	67965036	67965370	0.1951
chr16	67965370	67965703	0.7297
chr16	67965703	67966036	0.4436
chr16	67966036	67966369	0.4117
chr16	67966369	67966702	0.7563
chr16	67966702	67967035	0.6618
chr16	67967035	67967368	0.377
chr16	67967369	67967702	0.4438
chr16	67967702	67968036	0.4583
chr16	67968036	67968370	0.0524
chr16	67968370	67968703	0.0044
chr16	67968703	67969036	0.131
chr16	67969036	67969369	0.4029
chr16	67969369	67969702	0.2513
chr16	67969702	67970035	0.3284
chr16	67970035	67970368	0.5471
chr16	67970369	67970702	0.3478
chr16	67970702	67971036	0.1465
chr16	67971036	67971370	0.3115
chr16	67971370	67971703	0.2993
chr16	67971703	67972036	0.4548
chr16	67972036	67972369	0.2148
chr16	67972369	67972702	0.1581
chr16	67972702	67973035	0.1758
chr16	67973035	67973368	0.2221
chr16	67973369	67973702	0.3679
chr16	67973702	67974036	0.9496
chr16	67974036	67974370	0.5304
chr16	67974370	67974703	0.7364
chr16	67974703	67975036	0.9855
chr16	67975036	67975369	0.4359
chr16	67975369	67975702	0.793
chr16	67975702	67976035	0.6637
chr16	67976035	67976368	0.6144
chr17	7666465	7666797	0.308
chr17	7666797	7667130	0.1375
chr17	7667130	7667463	0.3961
chr17	7667463	7667796	0.3908
chr17	7667796	7668129	0.3128
chr17	7668129	7668462	0.2465
chr17	7668462	7668795	0.2596
chr17	7668795	7669128	0.3597
chr17	7669128	7669461	0.3954
chr17	7669462	7669795	0.3044
chr17	7669795	7670129	0.3845
chr17	7670129	7670463	0.3305
chr17	7670463	7670796	0.5912
chr17	7670796	7671129	0.2306
chr17	7671129	7671462	0.3228
chr17	7671462	7671795	0.31
chr17	7671795	7672128	0.337
chr17	7672128	7672461	0.442
chr17	7672795	7673129	0.3287
chr17	7673129	7673463	0.4409
chr17	7673463	7673796	0.3111
chr17	7673796	7674129	0.3602
chr17	7674129	7674462	0.2836
chr17	7674462	7674795	0.3527
chr17	7674795	7675128	0.2713
chr17	7675128	7675461	0.4855
chr17	7675462	7675795	0.6112
chr17	7675795	7676129	0.1272
chr17	7676129	7676463	0.2902
chr17	7676463	7676796	0.1622
chr17	7676796	7677129	0.2811
chr17	7677129	7677462	0.1212
chr17	7677462	7677795	0.5528
chr17	7677795	7678128	0.2611
chr17	7678128	7678461	0.3935
chr17	7678462	7678795	0.1822
chr17	7678795	7679129	0.213
chr17	7679129	7679463	0.2287
chr17	7679463	7679796	0.2743
chr17	7679796	7680129	0.3834
chr17	7680129	7680462	0.2631
chr17	7680462	7680795	0.3058
chr17	7680795	7681128	0.29
chr17	7681128	7681461	0.1131
chr17	7681462	7681794	0.0377
chr17	7681794	7682126	0.0065
chr17	41517522	41517855	0.6206
chr17	41517855	41518189	0.6387
chr17	41518189	41518523	0.4604
chr17	41518523	41518856	0.4491
chr17	41518856	41519189	0.5002
chr17	41519189	41519522	0.4544
chr17	41519522	41519855	0.4013
chr17	41519855	41520188	0.441
chr17	41520188	41520521	0.51
chr17	41520522	41520855	0.9743
chr17	41520855	41521189	0.9168
chr17	41521189	41521523	0.712
chr17	41521523	41521856	0.7284
chr17	41521856	41522189	0.602
chr17	41522189	41522522	0.5596
chr17	41522522	41522855	0.9401
chr17	41522855	41523188	0.5854
chr17	41523188	41523521	0.9798
chr17	41523522	41523854	0.5774
chr17	41523854	41524187	0.2313
chr17	41524187	41524519	0.3561
chr17	41524519	41524851	0.9385
chr17	41524851	41525183	0.4219
chr17	41525183	41525515	0.5108
chr17	41525515	41525847	0.9396
chr17	41525847	41526179	0.3813
chr17	41526179	41526511	0.2085
chr17	41526512	41526845	0.4226
chr17	41526845	41527179	0.369
chr17	41527179	41527513	0.1768
chr17	41527513	41527846	0.0331
chr17	41527846	41528179	0.0101
chr17	41528179	41528512	0.023
chr17	41528512	41528845	0.3268
chr17	41528845	41529178	0.4599
chr17	41529178	41529511	0.7479
chr17	41529512	41529845	0.8409
chr17	41529845	41530179	0.9675
chr17	41530179	41530513	0.9004
chr17	41530513	41530846	0.6029
chr17	41531179	41531512	0.6156
chr17	41531512	41531845	0.403
chr17	41532178	41532511	0.9198
chr17	41532512	41532845	0.7192
chr17	41532845	41533178	0.6937
chr17	41533178	41533511	0.7888
chr17	41533511	41533844	0.7881
chr17	41533844	41534177	0.734
chr17	41534177	41534510	0.6231
chr17	41534510	41534843	0.7304
chr17	41534843	41535176	0.7463
chr17	41535176	41535509	0.7766
