chr3	49352623	49352956	0.1778
chr3	49352956	49353290	0.1047
chr3	49353290	49353624	0.0694
chr3	49353624	49353957	0.1811
chr3	49353957	49354290	0.0155
chr3	49354290	49354623	0.171
chr3	49354623	49354956	0.0473
chr3	49354956	49355289	0.0827
chr3	49355289	49355622	0.2401
chr3	49355623	49355956	0.4416
chr3	49355956	49356290	0.3254
chr3	49356290	49356624	0.715
chr3	49356624	49356957	0.3426
chr3	49356957	49357290	0.6265
chr3	49357290	49357623	0.1614
chr3	49357623	49357956	0.0172
chr3	49357956	49358289	0.0034
chr3	49358289	49358622	0.0207
chr3	49358623	49358956	0.1022
chr3	49358956	49359290	0.9525
chr3	49359290	49359624	0.5721
chr3	49359624	49359957	0.7981
chr3	49359957	49360290	0.5721
chr3	49360290	49360623	0.4667
chr3	49360623	49360956	0.6164
chr3	49360956	49361289	0.3545
chr3	49361289	49361622	0.2544
chr3	49361623	49361956	0.5059
chr3	49361956	49362290	0.1716
chr3	49362290	49362624	0.3407
chr3	49362624	49362957	0.5954
chr3	49362957	49363290	0.2564
chr3	49363290	49363623	0.233
chr3	49363623	49363956	0.2635
chr3	49363956	49364289	0.2808
chr3	49364289	49364622	0.2387
chr3	49364623	49364932	0.2578
chr3	49364932	49365242	0.2028
chr3	49365242	49365551	0.0834
chr3	49365551	49365860	0.2374
chr3	49365860	49366169	0.3163
chr5	58382389	58382722	0.8107
chr5	58382722	58383056	0.8454
chr5	58383390	58383723	0.691
chr5	58383723	58384056	0.7945
chr5	58384056	58384389	0.6706
chr5	58384389	58384722	0.6798
chr5	58384722	58385055	0.9109
chr5	58385055	58385388	0.7692
chr5	58385389	58385722	0.7009
chr5	58385722	58386056	0.8104
chr5	58386056	58386390	0.9478
chr5	58386390	58386723	0.9997
chr5	58386723	58387056	0.9869
chr5	58387056	58387389	0.9612
chr5	58387389	58387722	0.975
chr5	58387722	58388055	0.9944
chr5	58388055	58388388	0.9998
chr5	58388389	58388722	0.6651
chr5	58388722	58389056	0.6963
chr5	58389056	58389390	0.7322
chr5	58389390	58389723	0.8804
chr5	58389723	58390056	0.5952
chr5	58390056	58390389	0.878
chr5	58390389	58390722	0.8272
chr5	58390722	58391055	0.8927
chr5	58391055	58391388	0.4491
chr5	58391722	58392056	0.937
chr5	58392056	58392390	0.9944
chr5	58392390	58392723	0.9572
chr5	58392723	58393056	0.9454
chr5	58393056	58393389	0.9572
chr5	58393722	58394055	0.9207
chr5	58394055	58394388	0.9599
chr7	140775214	140775547	0.0823
chr7	140775547	140775881	0.2948
chr7	140776215	140776548	0.2042
chr7	140776881	140777214	0.2738
chr7	140777214	140777547	0.2068
chr7	140777547	140777880	0.1891
chr7	140778547	140778881	0.2515
chr7	140778881	140779215	0.215
chr7	140779548	140779881	0.1265
chr7	140779881	140780214	0.0604
chr7	140780214	140780547	0.1447
chr7	140780880	140781213	0.2209
chr7	140781214	140781547	0.3131
chr7	140781547	140781881	0.4066
chr7	140782215	140782548	0.4374
chr7	140782548	140782881	0.3443
chr7	140782881	140783214	0.4345
chr7	140783547	140783880	0.7586
chr7	140784214	140784547	0.1411
chr7	140784547	140784880	0.1461
chr7	140784880	140785213	0.32
chr7	140785213	140785546	0.4389
chr7	140785546	140785879	0.3645
chr7	140785879	140786212	0.0756
chr7	140786545	140786878	0.0018
chr7	140786878	140787211	0.175
chr7	154606300	154606634	0.6783
chr7	154606634	154606968	0.9065
chr7	154606968	154607301	0.4465
chr7	154607301	154607634	0.4267
chr7	154607634	154607967	0.9674
chr7	154607967	154608300	0.449
chr7	154608300	154608633	0.6037
chr7	154608633	154608966	0.7654
chr7	154608967	154609300	0.8763
chr7	154609300	154609634	0.7743
chr7	154609634	154609968	0.5442
chr7	154609968	154610301	0.5886
chr7	154610301	154610634	0.4692
chr7	154610634	154610967	0.3603
chr7	154610967	154611300	0.6416
chr7	154611300	154611633	0.4806
chr7	154611967	154612302	0.8845
chr7	154612302	154612638	0.7871
chr7	154612638	154612973	0.8899
chr7	154612973	154613308	0.8851
chr7	154613308	154613643	0.7068
chr7	154613643	154613978	0.5735
chr9	35677525	35677858	0.6242
chr9	35677858	35678192	0.5496
chr9	35678192	35678526	0.586
chr9	35678526	35678859	0.5849
chr9	35678859	35679192	0.5696
chr9	35679192	35679525	0.5921
chr9	35679525	35679858	0.5896
chr9	35679858	35680191	0.5092
chr9	35680191	35680524	0.6086
chr9	35680525	35680858	0.3652
chr9	35680858	35681192	0.5446
chr9	35681192	35681526	0.6612
chr9	35681526	35681859	0.746
chr9	35681859	35682192	0.4066
chr9	35682192	35682525	0.5493
chr9	35682525	35682858	0.5363
chr9	35682858	35683191	0.5184
chr9	35683191	35683524	0.643
chr9	35683525	35683858	0.41
chr9	35683858	35684192	0.3682
chr9	35684192	35684526	0.4128
chr9	35684526	35684859	0.4128
chr9	35684859	35685192	0.4106
chr9	35685192	35685525	0.4035
chr9	35685525	35685858	0.3991
chr9	35685858	35686191	0.4016
chr9	35686191	35686524	0.4167
chr9	35686525	35686858	0.6563
chr9	35686858	35687192	0.5769
chr9	35687192	35687526	0.8104
chr9	35687526	35687859	0.8396
chr9	35687859	35688192	0.6166
chr9	35688192	35688525	0.8665
chr9	35688525	35688858	0.8625
chr9	35688858	35689191	0.7728
chr9	35689191	35689524	0.3791
chr9	35689525	35689858	0.3154
chr9	35689858	35690192	0.1942
chr9	35690192	35690526	0.3387
chr9	35690526	35690859	0.1804
chr9	35690859	35691192	0.2299
chr9	35691192	35691525	0.4118
chr9	35691525	35691858	0.6372
chr9	35691858	35692191	0.6979
chr9	35692191	35692524	0.4069
chr9	35692525	35692858	0.0069
chr9	35692858	35693192	0.1627
chr9	35693192	35693526	0.2272
chr9	35693526	35693860	0.0346
chr9	35693860	35694194	0.021
chr9	35694194	35694528	0.199
chr9	35694528	35694862	0.2471
chr9	35694862	35695195	0.0042
chr9	35695195	35695528	0.0156
chr9	35695529	35695856	0.0224
chr9	35695856	35696184	0.0104
chr9	35696184	35696512	0.0223
chr9	35696512	35696839	0.0184
chr9	35696839	35697166	0.0195
chr11	67577032	67577365	0.7123
chr11	67577365	67577699	0.1956
chr11	67577699	67578033	0.3681
chr11	67578033	67578366	0.7898
chr11	67578366	67578699	0.8771
chr11	67578699	67579032	0.6285
chr11	67579032	67579365	0.7966
chr11	67579365	67579698	0.6848
chr11	67579698	67580031	0.8937
chr11	67580032	67580365	0.4998
chr11	67580365	67580699	0.9066
chr11	67580699	67581033	0.8916
chr11	67581033	67581367	0.5582
chr11	67581367	67581701	0.7561
chr11	67581701	67582035	0.4717
chr11	67582035	67582369	0.5504
chr11	67582369	67582702	0.885
chr11	67582702	67583035	0.4828
chr11	67583036	67583369	0.38
chr11	67583369	67583703	0.0333
chr11	67583703	67584037	0.0068
chr11	67584037	67584370	0.088
chr11	67584370	67584703	0.3034
chr11	67584703	67585036	0.8343
chr11	67585036	67585369	0.232
chr11	67585369	67585702	0.3033
chr11	67585702	67586035	0.3466
chr11	67586036	67586369	0.2795
chr11	67586369	67586703	0.1426
chr11	67586703	67587037	0.3725
chr11	67587370	67587703	0.5615
chr11	67587703	67588036	0.0874
chr11	67588036	67588369	0.6706
chr11	67588369	67588702	0.6714
chr11	67588702	67589035	0.1522
chr11	67589036	67589369	0.3551
chr11	67589369	67589703	0.3191
chr11	67589703	67590037	0.3369
chr11	67590037	67590371	0.332
chr11	67590371	67590705	0.4982
chr11	67590705	67591039	0.3796
chr11	67591039	67591373	0.4513
chr11	67591373	67591706	0.3183
chr11	67591706	67592039	0.3409
chr11	67592040	67592355	0.9984
chr11	67592355	67592671	0.624
chr11	67592671	67592987	0.9934
chr11	67592987	67593302	0.9133
chr11	67593302	67593617	0.5869
chr11	67593617	67593932	0.8084
chr11	67593932	67594247	0.4987
chr12	25237978	25238311	0.5116
chr12	25238311	25238645	0.6314
chr12	25238979	25239312	0.6684
chr12	25239312	25239645	0.2876
chr12	25239645	25239978	0.4934
chr12	25239978	25240311	0.2195
chr12	25240311	25240644	0.5725
chr12	25240978	25241311	0.3038
chr12	25241311	25241645	0.1789
chr12	25241645	25241979	0.1453
chr12	25241979	25242312	0.097
chr12	25242312	25242645	0.1324
chr12	25242645	25242978	0.1665
chr12	25242978	25243311	0.1569
chr12	25243311	25243644	0.4677
chr12	25243978	25244311	0.0014
chr12	25244311	25244645	0.0006
chr12	25244645	25244979	0.0006
chr12	25244979	25245312	0.0012
chr12	25245312	25245645	0.1805
chr12	25245645	25245978	0.5651
chr12	25245978	25246311	0.0501
chr12	25246311	25246644	0.0371
chr12	25246644	25246977	0.2268
chr12	25247310	25247643	0.0025
chr12	25247976	25248309	0.0411
chr12	25248309	25248642	0.0235
chr12	25248642	25248975	0.1024
chr12	25248975	25249308	0.0095
chr12	25249308	25249641	0.0165
chr12	25249641	25249974	0.0936
chr12	25249975	25250308	0.2698
chr12	25250308	25250642	0.0034
chr12	25250642	25250976	0.0001
chr12	25250976	25251309	0.0003
chr12	25251309	25251642	0.0132
chr12	25251642	25251975	0.5738
chr12	25251975	25252308	0.7535
chr12	25252308	25252641	0.5091
chr12	25252641	25252974	0.5634
chr12	25252975	25253323	0.5206
chr12	25253323	25253672	0.559
chr12	25253672	25254021	0.7979
chr12	25254021	25254370	0.6072
chr16	67952369	67952702	0.2059
chr16	67952702	67953036	0.1971
chr16	67953036	67953370	0.1565
chr16	67953370	67953703	0.1147
chr16	67953703	67954036	0.1117
chr16	67954036	67954369	0.1304
chr16	67954369	67954702	0.1221
chr16	67954702	67955035	0.1305
chr16	67955035	67955368	0.1256
chr16	67955369	67955702	0.3753
chr16	67955702	67956036	0.3949
chr16	67956036	67956370	0.4361
chr16	67956370	67956703	0.3151
chr16	67956703	67957036	0.2314
chr16	67957036	67957369	0.5718
chr16	67957369	67957702	0.3596
chr16	67957702	67958035	0.3441
chr16	67958035	67958368	0.3652
chr16	67958369	67958702	0.5861
chr16	67958702	67959036	0.126
chr16	67959036	67959370	0.7244
chr16	67959370	67959703	0.5386
chr16	67959703	67960036	0.7028
chr16	67960036	67960369	0.8812
chr16	67960369	67960702	0.5759
chr16	67960702	67961035	0.74
chr16	67961035	67961368	0.8796
chr16	67961369	67961702	0.5078
chr16	67961702	67962036	0.4997
chr16	67962036	67962370	0.5065
chr16	67962370	67962703	0.4831
chr16	67962703	67963036	0.5068
chr16	67963036	67963369	0.532
chr16	67963369	67963702	0.4946
chr16	67963702	67964035	0.4236
chr16	67964035	67964368	0.4125
chr16	67964369	67964702	0.4123
chr16	67964702	67965036	0.8226
chr16	67965036	67965370	0.2551
chr16	67965370	67965703	0.7986
chr16	67965703	67966036	0.5162
chr16	67966036	67966369	0.4874
chr16	67966369	67966702	0.8206
chr16	67966702	67967035	0.7393
chr16	67967035	67967368	0.44
chr16	67967369	67967702	0.4421
chr16	67967702	67968036	0.4626
chr16	67968036	67968370	0.0548
chr16	67968370	67968703	0.0046
chr16	67968703	67969036	0.1369
chr16	67969036	67969369	0.4071
chr16	67969369	67969702	0.2485
chr16	67969702	67970035	0.324
chr16	67970035	67970368	0.5443
chr16	67970369	67970702	0.3652
chr16	67970702	67971036	0.5132
chr16	67971036	67971370	0.2979
chr16	67971370	67971703	0.0653
chr16	67971703	67972036	0.3723
chr16	67972036	67972369	0.4094
chr16	67972369	67972702	0.3082
chr16	67972702	67973035	0.3058
chr16	67973035	67973368	0.2461
chr16	67973369	67973702	0.3585
chr16	67973702	67974036	0.9617
chr16	67974036	67974370	0.5252
chr16	67974370	67974703	0.728
chr16	67974703	67975036	0.9885
chr16	67975036	67975369	0.4237
chr16	67975369	67975702	0.7924
chr16	67975702	67976035	0.6329
chr16	67976035	67976368	0.5653
chr17	7666465	7666797	0.2277
chr17	7666797	7667130	0.3928
chr17	7667130	7667463	0.4808
chr17	7667463	7667796	0.3817
chr17	7667796	7668129	0.3644
chr17	7668129	7668462	0.4639
chr17	7668462	7668795	0.408
chr17	7668795	7669128	0.3428
chr17	7669128	7669461	0.4252
chr17	7669462	7669795	0.1958
chr17	7669795	7670129	0.2984
chr17	7670129	7670463	0.2732
chr17	7670463	7670796	0.4463
chr17	7670796	7671129	0.1988
chr17	7671129	7671462	0.2807
chr17	7671462	7671795	0.2664
chr17	7671795	7672128	0.2752
chr17	7672128	7672461	0.3359
chr17	7672795	7673129	0.1635
chr17	7673129	7673463	0.1364
chr17	7673463	7673796	0.1882
chr17	7673796	7674129	0.1739
chr17	7674129	7674462	0.1982
chr17	7674462	7674795	0.1709
chr17	7674795	7675128	0.2146
chr17	7675128	7675461	0.1179
chr17	7675462	7675795	0.0809
chr17	7675795	7676129	0.0085
chr17	7676129	7676463	0.0269
chr17	7676463	7676796	0.0159
chr17	7676796	7677129	0.0224
chr17	7677129	7677462	0.0093
chr17	7677462	7677795	0.0692
chr17	7677795	7678128	0.0221
chr17	7678128	7678461	0.0407
chr17	7678462	7678795	0.0723
chr17	7678795	7679129	0.1029
chr17	7679129	7679463	0.0975
chr17	7679463	7679796	0.0837
chr17	7679796	7680129	0.1076
chr17	7680129	7680462	0.077
chr17	7680462	7680795	0.147
chr17	7680795	7681128	0.1875
chr17	7681128	7681461	0.0434
chr17	7681462	7681794	0.1129
chr17	7681794	7682126	0.0336
chr17	41517522	41517855	0.3664
chr17	41517855	41518189	0.382
chr17	41518189	41518523	0.5522
chr17	41518523	41518856	0.5449
chr17	41518856	41519189	0.4878
chr17	41519189	41519522	0.5466
chr17	41519522	41519855	0.6475
chr17	41519855	41520188	0.5315
chr17	41520188	41520521	0.5857
chr17	41520522	41520855	0.9796
chr17	41520855	41521189	0.9632
chr17	41521189	41521523	0.9013
chr17	41521523	41521856	0.8889
chr17	41521856	41522189	0.6733
chr17	41522189	41522522	0.7079
chr17	41522522	41522855	0.9686
chr17	41522855	41523188	0.8312
chr17	41523188	41523521	0.9793
chr17	41523522	41523854	0.5953
chr17	41523854	41524187	0.263
chr17	41524187	41524519	0.3811
chr17	41524519	41524851	0.9524
chr17	41524851	41525183	0.4473
chr17	41525183	41525515	0.5697
chr17	41525515	41525847	0.9567
chr17	41525847	41526179	0.4005
chr17	41526179	41526511	0.2398
chr17	41526512	41526845	0.5605
chr17	41526845	41527179	0.5188
chr17	41527179	41527513	0.2822
chr17	41527513	41527846	0.0703
chr17	41527846	41528179	0.0345
chr17	41528179	41528512	0.0648
chr17	41528512	41528845	0.4321
chr17	41528845	41529178	0.6274
chr17	41529178	41529511	0.8104
chr17	41529512	41529845	0.5094
chr17	41529845	41530179	0.873
chr17	41530179	41530513	0.9764
chr17	41530513	41530846	0.8847
chr17	41531179	41531512	0.8795
chr17	41531512	41531845	0.6762
chr17	41532178	41532511	0.9953
chr17	41532512	41532845	0.5666
chr17	41532845	41533178	0.5154
chr17	41533178	41533511	0.8103
chr17	41533511	41533844	0.8048
chr17	41533844	41534177	0.6038
chr17	41534177	41534510	0.4398
chr17	41534510	41534843	0.6071
chr17	41534843	41535176	0.6628
chr17	41535176	41535509	0.7785
