chr3	49352623	49352956	0.5267
chr3	49352956	49353290	0.3217
chr3	49353290	49353624	0.1684
chr3	49353624	49353957	0.2552
chr3	49353957	49354290	0.0306
chr3	49354290	49354623	0.2334
chr3	49354623	49354956	0.1334
chr3	49354956	49355289	0.251
chr3	49355289	49355622	0.5683
chr3	49355623	49355956	0.4336
chr3	49355956	49356290	0.3359
chr3	49356290	49356624	0.6669
chr3	49356624	49356957	0.356
chr3	49356957	49357290	0.6615
chr3	49357290	49357623	0.2385
chr3	49357623	49357956	0.033
chr3	49357956	49358289	0.0071
chr3	49358289	49358622	0.0371
chr3	49358623	49358956	0.1315
chr3	49358956	49359290	0.9677
chr3	49359290	49359624	0.6328
chr3	49359624	49359957	0.8363
chr3	49359957	49360290	0.6047
chr3	49360290	49360623	0.4793
chr3	49360623	49360956	0.6354
chr3	49360956	49361289	0.3936
chr3	49361289	49361622	0.2931
chr3	49361623	49361956	0.5984
chr3	49361956	49362290	0.2561
chr3	49362290	49362624	0.4713
chr3	49362624	49362957	0.6556
chr3	49362957	49363290	0.3449
chr3	49363290	49363623	0.2965
chr3	49363623	49363956	0.2816
chr3	49363956	49364289	0.3075
chr3	49364289	49364622	0.2688
chr3	49364623	49364932	0.7163
chr3	49364932	49365242	0.8045
chr3	49365242	49365551	0.6374
chr3	49365551	49365860	0.8177
chr3	49365860	49366169	0.8874
chr5	58391722	58392056	0.9121
chr5	58392056	58392390	0.9584
chr5	58392390	58392723	0.8988
chr5	58392723	58393056	0.8928
chr5	58393056	58393389	0.9513
chr5	58393722	58394055	0.8714
chr5	58394055	58394388	0.9002
chr7	140775214	140775547	0.2519
chr7	140775547	140775881	0.3467
chr7	140776215	140776548	0.0862
chr7	140776881	140777214	0.2388
chr7	140777214	140777547	0.1325
chr7	140777547	140777880	0.1214
chr7	140778547	140778881	0.0378
chr7	140778881	140779215	0.031
chr7	140779548	140779881	0.0204
chr7	140779881	140780214	0.0032
chr7	140780214	140780547	0.0251
chr7	140780880	140781213	0.0393
chr7	140781214	140781547	0.2787
chr7	140781547	140781881	0.1585
chr7	140782215	140782548	0.3313
chr7	140782548	140782881	0.2649
chr7	140782881	140783214	0.3249
chr7	140783547	140783880	0.7158
chr7	140784214	140784547	0.1015
chr7	140784547	140784880	0.0941
chr7	140784880	140785213	0.0265
chr7	140785213	140785546	0.1104
chr7	140785546	140785879	0.0638
chr7	140785879	140786212	0.2577
chr7	140786545	140786878	0.7664
chr7	140786878	140787211	0.1159
chr7	154597300	154597634	0.2812
chr7	154597634	154597968	0.2113
chr7	154597968	154598301	0.2818
chr7	154598301	154598634	0.4657
chr7	154598634	154598967	0.4426
chr7	154598967	154599300	0.3778
chr7	154599300	154599633	0.2894
chr7	154599633	154599966	0.2588
chr7	154602967	154603300	0.5332
chr7	154603300	154603634	0.1979
chr7	154603634	154603968	0.386
chr7	154603968	154604301	0.3996
chr7	154604634	154604967	0.3996
chr7	154604967	154605300	0.7704
chr7	154605300	154605633	0.8129
chr7	154605633	154605966	0.7691
chr7	154606300	154606634	0.5122
chr7	154606634	154606968	0.8539
chr7	154606968	154607301	0.4412
chr7	154607301	154607634	0.513
chr7	154607634	154607967	0.9562
chr7	154607967	154608300	0.4544
chr7	154608300	154608633	0.5662
chr7	154608633	154608966	0.7046
chr7	154608967	154609300	0.5125
chr7	154609300	154609634	0.7547
chr7	154609634	154609968	0.596
chr7	154609968	154610301	0.61
chr7	154610301	154610634	0.6008
chr7	154610634	154610967	0.5467
chr7	154610967	154611300	0.2915
chr7	154611300	154611633	0.415
chr7	154611967	154612302	0.6163
chr7	154612302	154612638	0.5406
chr7	154612638	154612973	0.6381
chr7	154612973	154613308	0.6571
chr7	154613308	154613643	0.6284
chr7	154613643	154613978	0.563
chr9	35677525	35677858	0.7078
chr9	35677858	35678192	0.316
chr9	35678192	35678526	0.4341
chr9	35678526	35678859	0.7947
chr9	35678859	35679192	0.6696
chr9	35679192	35679525	0.6463
chr9	35679525	35679858	0.5692
chr9	35679858	35680191	0.3469
chr9	35680191	35680524	0.738
chr9	35680525	35680858	0.3704
chr9	35680858	35681192	0.6059
chr9	35681192	35681526	0.7273
chr9	35681526	35681859	0.7811
chr9	35681859	35682192	0.2463
chr9	35682192	35682525	0.531
chr9	35682525	35682858	0.5815
chr9	35682858	35683191	0.4217
chr9	35683191	35683524	0.6998
chr9	35683525	35683858	0.2341
chr9	35683858	35684192	0.0715
chr9	35684192	35684526	0.2756
chr9	35684526	35684859	0.2998
chr9	35684859	35685192	0.312
chr9	35685192	35685525	0.3303
chr9	35685525	35685858	0.3023
chr9	35685858	35686191	0.2666
chr9	35686191	35686524	0.312
chr9	35686525	35686858	0.5762
chr9	35686858	35687192	0.5267
chr9	35687192	35687526	0.812
chr9	35687526	35687859	0.8589
chr9	35687859	35688192	0.6229
chr9	35688192	35688525	0.9167
chr9	35688525	35688858	0.9048
chr9	35688858	35689191	0.6999
chr9	35689191	35689524	0.1994
chr9	35689525	35689858	0.3072
chr9	35689858	35690192	0.1936
chr9	35690192	35690526	0.3306
chr9	35690526	35690859	0.1764
chr9	35690859	35691192	0.2291
chr9	35691192	35691525	0.3876
chr9	35691525	35691858	0.6037
chr9	35691858	35692191	0.6432
chr9	35692191	35692524	0.3546
chr9	35692525	35692858	0.3705
chr9	35692858	35693192	0.5895
chr9	35693192	35693526	0.6553
chr9	35693526	35693860	0.5987
chr9	35693860	35694194	0.4796
chr9	35694194	35694528	0.4945
chr9	35694528	35694862	0.3788
chr9	35694862	35695195	0.2288
chr9	35695195	35695528	0.2319
chr9	35695529	35695856	0.0034
chr9	35695856	35696184	0.0092
chr9	35696184	35696512	0.0048
chr9	35696512	35696839	0.0063
chr9	35696839	35697166	0.0069
chr11	67577032	67577365	0.6299
chr11	67577365	67577699	0.1387
chr11	67577699	67578033	0.2672
chr11	67578033	67578366	0.6981
chr11	67578366	67578699	0.7954
chr11	67578699	67579032	0.4354
chr11	67579032	67579365	0.6486
chr11	67579365	67579698	0.6484
chr11	67579698	67580031	0.7908
chr11	67580032	67580365	0.7364
chr11	67580365	67580699	0.85
chr11	67580699	67581033	0.8388
chr11	67581033	67581367	0.6838
chr11	67581367	67581701	0.8868
chr11	67581701	67582035	0.7459
chr11	67582035	67582369	0.7605
chr11	67582369	67582702	0.8713
chr11	67582702	67583035	0.7552
chr11	67583036	67583369	0.4139
chr11	67583369	67583703	0.0553
chr11	67583703	67584037	0.0133
chr11	67584037	67584370	0.1549
chr11	67584370	67584703	0.3295
chr11	67584703	67585036	0.8024
chr11	67585036	67585369	0.301
chr11	67585369	67585702	0.3573
chr11	67585702	67586035	0.414
chr11	67586036	67586369	0.3877
chr11	67586369	67586703	0.1619
chr11	67586703	67587037	0.3519
chr11	67587370	67587703	0.3975
chr11	67587703	67588036	0.063
chr11	67588036	67588369	0.6078
chr11	67588369	67588702	0.5862
chr11	67588702	67589035	0.1945
chr11	67589036	67589369	0.6432
chr11	67589369	67589703	0.6357
chr11	67589703	67590037	0.6687
chr11	67590037	67590371	0.6248
chr11	67590371	67590705	0.7016
chr11	67590705	67591039	0.5738
chr11	67591039	67591373	0.678
chr11	67591373	67591706	0.607
chr11	67591706	67592039	0.6646
chr11	67592040	67592355	0.9967
chr11	67592355	67592671	0.7395
chr11	67592671	67592987	0.9724
chr11	67592987	67593302	0.9383
chr11	67593302	67593617	0.765
chr11	67593617	67593932	0.9115
chr11	67593932	67594247	0.5961
chr12	25237978	25238311	0.1667
chr12	25238311	25238645	0.1525
chr12	25238979	25239312	0.1722
chr12	25239312	25239645	0.1629
chr12	25239645	25239978	0.0844
chr12	25239978	25240311	0.1652
chr12	25240311	25240644	0.1534
chr12	25240978	25241311	0.0365
chr12	25241311	25241645	0.0172
chr12	25241645	25241979	0.0135
chr12	25241979	25242312	0.0086
chr12	25242312	25242645	0.0123
chr12	25242645	25242978	0.0158
chr12	25242978	25243311	0.0156
chr12	25243311	25243644	0.1578
chr12	25243978	25244311	0.199
chr12	25244311	25244645	0.2067
chr12	25244645	25244979	0.2031
chr12	25244979	25245312	0.214
chr12	25245312	25245645	0.1805
chr12	25245645	25245978	0.1578
chr12	25245978	25246311	0.2328
chr12	25246311	25246644	0.3009
chr12	25246644	25246977	0.2398
chr12	25247310	25247643	0.0277
chr12	25247976	25248309	0.3819
chr12	25248309	25248642	0.2451
chr12	25248642	25248975	0.6733
chr12	25248975	25249308	0.0936
chr12	25249308	25249641	0.1282
chr12	25249641	25249974	0.6458
chr12	25249975	25250308	0.2499
chr12	25250308	25250642	0.0026
chr12	25250642	25250976	0.0
chr12	25250976	25251309	0.0001
chr12	25251309	25251642	0.0108
chr12	25251642	25251975	0.5522
chr12	25251975	25252308	0.7008
chr12	25252308	25252641	0.4282
chr12	25252641	25252974	0.4517
chr12	25252975	25253323	0.817
chr12	25253323	25253672	0.8267
chr12	25253672	25254021	0.9117
chr12	25254021	25254370	0.895
chr16	67952369	67952702	0.4039
chr16	67952702	67953036	0.2466
chr16	67953036	67953370	0.2118
chr16	67953370	67953703	0.0086
chr16	67953703	67954036	0.0066
chr16	67954036	67954369	0.1985
chr16	67954369	67954702	0.015
chr16	67954702	67955035	0.0959
chr16	67955035	67955368	0.0177
chr16	67955369	67955702	0.2626
chr16	67955702	67956036	0.2642
chr16	67956036	67956370	0.2771
chr16	67956370	67956703	0.256
chr16	67956703	67957036	0.229
chr16	67957036	67957369	0.3478
chr16	67957369	67957702	0.3175
chr16	67957702	67958035	0.2571
chr16	67958035	67958368	0.2733
chr16	67958369	67958702	0.0961
chr16	67958702	67959036	0.1696
chr16	67959036	67959370	0.2011
chr16	67959370	67959703	0.2772
chr16	67959703	67960036	0.3177
chr16	67960036	67960369	0.324
chr16	67960369	67960702	0.41
chr16	67960702	67961035	0.1842
chr16	67961035	67961368	0.1953
chr16	67961369	67961702	0.5215
chr16	67961702	67962036	0.5492
chr16	67962036	67962370	0.551
chr16	67962370	67962703	0.4809
chr16	67962703	67963036	0.5321
chr16	67963036	67963369	0.5353
chr16	67963369	67963702	0.4657
chr16	67963702	67964035	0.4701
chr16	67964035	67964368	0.4907
chr16	67964369	67964702	0.3789
chr16	67964702	67965036	0.7801
chr16	67965036	67965370	0.2052
chr16	67965370	67965703	0.7427
chr16	67965703	67966036	0.4577
chr16	67966036	67966369	0.4265
chr16	67966369	67966702	0.7696
chr16	67966702	67967035	0.6768
chr16	67967035	67967368	0.3902
chr16	67967369	67967702	0.4531
chr16	67967702	67968036	0.4646
chr16	67968036	67968370	0.0575
chr16	67968370	67968703	0.0051
chr16	67968703	67969036	0.1431
chr16	67969036	67969369	0.4073
chr16	67969369	67969702	0.2517
chr16	67969702	67970035	0.3297
chr16	67970035	67970368	0.5542
chr16	67970369	67970702	0.3142
chr16	67970702	67971036	0.3249
chr16	67971036	67971370	0.2376
chr16	67971370	67971703	0.057
chr16	67971703	67972036	0.366
chr16	67972036	67972369	0.285
chr16	67972369	67972702	0.1747
chr16	67972702	67973035	0.1859
chr16	67973035	67973368	0.2189
chr16	67973369	67973702	0.4055
chr16	67973702	67974036	0.9555
chr16	67974036	67974370	0.6049
chr16	67974370	67974703	0.791
chr16	67974703	67975036	0.9803
chr16	67975036	67975369	0.5037
chr16	67975369	67975702	0.838
chr16	67975702	67976035	0.699
chr16	67976035	67976368	0.6822
chr17	7666465	7666797	0.1358
chr17	7666797	7667130	0.4501
chr17	7667130	7667463	0.5225
chr17	7667463	7667796	0.4086
chr17	7667796	7668129	0.248
chr17	7668129	7668462	0.2146
chr17	7668462	7668795	0.2368
chr17	7668795	7669128	0.3046
chr17	7669128	7669461	0.4625
chr17	7669462	7669795	0.007
chr17	7669795	7670129	0.0444
chr17	7670129	7670463	0.0474
chr17	7670463	7670796	0.0554
chr17	7670796	7671129	0.0281
chr17	7671129	7671462	0.0775
chr17	7671462	7671795	0.0598
chr17	7671795	7672128	0.0509
chr17	7672128	7672461	0.0262
chr17	7672795	7673129	0.4387
chr17	7673129	7673463	0.3491
chr17	7673463	7673796	0.2809
chr17	7673796	7674129	0.3487
chr17	7674129	7674462	0.1651
chr17	7674462	7674795	0.3136
chr17	7674795	7675128	0.074
chr17	7675128	7675461	0.2247
chr17	7675462	7675795	0.2594
chr17	7675795	7676129	0.0641
chr17	7676129	7676463	0.1544
chr17	7676463	7676796	0.0929
chr17	7676796	7677129	0.186
chr17	7677129	7677462	0.0873
chr17	7677462	7677795	0.2426
chr17	7677795	7678128	0.1327
chr17	7678128	7678461	0.2232
chr17	7678462	7678795	0.247
chr17	7678795	7679129	0.2807
chr17	7679129	7679463	0.3767
chr17	7679463	7679796	0.1197
chr17	7679796	7680129	0.1475
chr17	7680129	7680462	0.0838
chr17	7680462	7680795	0.2649
chr17	7680795	7681128	0.1473
chr17	7681128	7681461	0.0618
chr17	7681462	7681794	0.0875
chr17	7681794	7682126	0.0833
chr17	41517522	41517855	0.4853
chr17	41517855	41518189	0.5741
chr17	41518189	41518523	0.4245
chr17	41518523	41518856	0.3753
chr17	41518856	41519189	0.4034
chr17	41519189	41519522	0.3927
chr17	41519522	41519855	0.5763
chr17	41519855	41520188	0.3218
chr17	41520188	41520521	0.6357
chr17	41520522	41520855	0.9648
chr17	41520855	41521189	0.896
chr17	41521189	41521523	0.6783
chr17	41521523	41521856	0.7087
chr17	41521856	41522189	0.5822
chr17	41522189	41522522	0.5328
chr17	41522522	41522855	0.9207
chr17	41522855	41523188	0.5561
chr17	41523188	41523521	0.9702
chr17	41523522	41523854	0.5272
chr17	41523854	41524187	0.1701
chr17	41524187	41524519	0.284
chr17	41524519	41524851	0.9265
chr17	41524851	41525183	0.3389
chr17	41525183	41525515	0.4501
chr17	41525515	41525847	0.9394
chr17	41525847	41526179	0.3012
chr17	41526179	41526511	0.1681
chr17	41526512	41526845	0.3602
chr17	41526845	41527179	0.3199
chr17	41527179	41527513	0.1607
chr17	41527513	41527846	0.0346
chr17	41527846	41528179	0.0137
chr17	41528179	41528512	0.0276
chr17	41528512	41528845	0.2773
chr17	41528845	41529178	0.3914
chr17	41529178	41529511	0.6185
chr17	41529512	41529845	0.6792
chr17	41529845	41530179	0.9809
chr17	41530179	41530513	0.9624
chr17	41530513	41530846	0.6397
chr17	41531179	41531512	0.6996
chr17	41531512	41531845	0.4003
chr17	41532178	41532511	0.9696
chr17	41532512	41532845	0.7784
chr17	41532845	41533178	0.7526
chr17	41533178	41533511	0.8479
chr17	41533511	41533844	0.8546
chr17	41533844	41534177	0.8369
chr17	41534177	41534510	0.6997
chr17	41534510	41534843	0.7414
chr17	41534843	41535176	0.7664
chr17	41535176	41535509	0.7997
