chr3	49352623	49352956	0.0198
chr3	49352956	49353290	0.0441
chr3	49353290	49353624	0.1543
chr3	49353624	49353957	0.2385
chr3	49353957	49354290	0.4245
chr3	49354290	49354623	0.3495
chr3	49354623	49354956	0.3436
chr3	49354956	49355289	0.1584
chr3	49355289	49355622	0.0227
chr3	49355623	49355956	0.3267
chr3	49355956	49356290	0.2177
chr3	49356290	49356624	0.6024
chr3	49356624	49356957	0.2139
chr3	49356957	49357290	0.5519
chr3	49357290	49357623	0.2558
chr3	49357623	49357956	0.0359
chr3	49357956	49358289	0.0073
chr3	49358289	49358622	0.0404
chr3	49358623	49358956	0.1348
chr3	49358956	49359290	0.9802
chr3	49359290	49359624	0.5641
chr3	49359624	49359957	0.7855
chr3	49359957	49360290	0.5474
chr3	49360290	49360623	0.4304
chr3	49360623	49360956	0.5804
chr3	49360956	49361289	0.3314
chr3	49361289	49361622	0.2454
chr3	49361623	49361956	0.5777
chr3	49361956	49362290	0.2111
chr3	49362290	49362624	0.4339
chr3	49362624	49362957	0.6378
chr3	49362957	49363290	0.2718
chr3	49363290	49363623	0.2254
chr3	49363623	49363956	0.2159
chr3	49363956	49364289	0.2246
chr3	49364289	49364622	0.2015
chr3	49364623	49364932	0.0548
chr3	49364932	49365242	0.0201
chr3	49365242	49365551	0.0126
chr3	49365551	49365860	0.0234
chr3	49365860	49366169	0.0207
chr5	58391722	58392056	0.8602
chr5	58392056	58392390	0.9471
chr5	58392390	58392723	0.8727
chr5	58392723	58393056	0.8499
chr5	58393056	58393389	0.9088
chr5	58393722	58394055	0.8378
chr5	58394055	58394388	0.8767
chr7	140778547	140778881	0.0006
chr7	140778881	140779215	0.0006
chr7	140779548	140779881	0.0004
chr7	140779881	140780214	0.0004
chr7	140780214	140780547	0.0007
chr7	140780880	140781213	0.0008
chr7	140781214	140781547	0.6212
chr7	140781547	140781881	0.432
chr7	140782215	140782548	0.6853
chr7	140782548	140782881	0.5881
chr7	140782881	140783214	0.6396
chr7	140783547	140783880	0.9617
chr7	140784214	140784547	0.1388
chr7	140784547	140784880	0.099
chr7	140784880	140785213	0.032
chr7	140785213	140785546	0.1146
chr7	140785546	140785879	0.086
chr7	140785879	140786212	0.3261
chr7	140786545	140786878	0.2716
chr7	140786878	140787211	0.0191
chr7	154606300	154606634	0.4267
chr7	154606634	154606968	0.7817
chr7	154606968	154607301	0.398
chr7	154607301	154607634	0.5228
chr7	154607634	154607967	0.9129
chr7	154607967	154608300	0.456
chr7	154608300	154608633	0.5247
chr7	154608633	154608966	0.6403
chr7	154611967	154612302	0.9151
chr7	154612302	154612638	0.6902
chr7	154612638	154612973	0.9307
chr7	154612973	154613308	0.9321
chr7	154613308	154613643	0.5862
chr7	154613643	154613978	0.5171
chr9	35677525	35677858	0.7869
chr9	35677858	35678192	0.4877
chr9	35678192	35678526	0.6181
chr9	35678526	35678859	0.7514
chr9	35678859	35679192	0.6912
chr9	35679192	35679525	0.7199
chr9	35679525	35679858	0.6924
chr9	35679858	35680191	0.4408
chr9	35680191	35680524	0.7702
chr9	35680525	35680858	0.0001
chr9	35680858	35681192	0.0
chr9	35681192	35681526	0.0
chr9	35681526	35681859	0.0
chr9	35681859	35682192	0.0357
chr9	35682192	35682525	0.0016
chr9	35682525	35682858	0.0
chr9	35682858	35683191	0.0002
chr9	35683191	35683524	0.0
chr9	35683525	35683858	0.0457
chr9	35683858	35684192	0.2996
chr9	35684192	35684526	0.1579
chr9	35684526	35684859	0.1237
chr9	35684859	35685192	0.1566
chr9	35685192	35685525	0.1608
chr9	35685525	35685858	0.2766
chr9	35685858	35686191	0.2222
chr9	35686191	35686524	0.0707
chr9	35686525	35686858	0.4509
chr9	35686858	35687192	0.4147
chr9	35687192	35687526	0.8016
chr9	35687526	35687859	0.8944
chr9	35687859	35688192	0.5554
chr9	35688192	35688525	0.9341
chr9	35688525	35688858	0.9275
chr9	35688858	35689191	0.7287
chr9	35689191	35689524	0.2597
chr9	35689525	35689858	0.3122
chr9	35689858	35690192	0.194
chr9	35690192	35690526	0.3338
chr9	35690526	35690859	0.1778
chr9	35690859	35691192	0.2297
chr9	35691192	35691525	0.4003
chr9	35691525	35691858	0.6207
chr9	35691858	35692191	0.6694
chr9	35692191	35692524	0.379
chr9	35692525	35692858	0.0
chr9	35692858	35693192	0.1061
chr9	35693192	35693526	0.0179
chr9	35693526	35693860	0.0001
chr9	35693860	35694194	0.0
chr9	35694194	35694528	0.0062
chr9	35694528	35694862	0.0088
chr9	35694862	35695195	0.0
chr9	35695195	35695528	0.0001
chr9	35695529	35695856	0.0005
chr9	35695856	35696184	0.0004
chr9	35696184	35696512	0.0005
chr9	35696512	35696839	0.0006
chr9	35696839	35697166	0.0005
chr11	67577032	67577365	0.7452
chr11	67577365	67577699	0.2485
chr11	67577699	67578033	0.437
chr11	67578033	67578366	0.776
chr11	67578366	67578699	0.8786
chr11	67578699	67579032	0.5815
chr11	67579032	67579365	0.7898
chr11	67579365	67579698	0.6824
chr11	67579698	67580031	0.8781
chr11	67580032	67580365	0.4305
chr11	67580365	67580699	0.8215
chr11	67580699	67581033	0.7905
chr11	67581033	67581367	0.4703
chr11	67581367	67581701	0.8028
chr11	67581701	67582035	0.5006
chr11	67582035	67582369	0.5275
chr11	67582369	67582702	0.8506
chr11	67582702	67583035	0.5819
chr11	67583036	67583369	0.483
chr11	67583369	67583703	0.065
chr11	67583703	67584037	0.0214
chr11	67584037	67584370	0.2007
chr11	67584370	67584703	0.4129
chr11	67584703	67585036	0.8177
chr11	67585036	67585369	0.2514
chr11	67585369	67585702	0.3305
chr11	67585702	67586035	0.4042
chr11	67586036	67586369	0.3037
chr11	67586369	67586703	0.1254
chr11	67586703	67587037	0.3022
chr11	67587370	67587703	0.3563
chr11	67587703	67588036	0.05
chr11	67588036	67588369	0.5469
chr11	67588369	67588702	0.53
chr11	67588702	67589035	0.149
chr11	67589036	67589369	0.559
chr11	67589369	67589703	0.6571
chr11	67589703	67590037	0.7656
chr11	67590037	67590371	0.5496
chr11	67590371	67590705	0.4257
chr11	67590705	67591039	0.266
chr11	67591039	67591373	0.437
chr11	67591373	67591706	0.5821
chr11	67591706	67592039	0.7448
chr11	67592040	67592355	0.9942
chr11	67592355	67592671	0.7998
chr11	67592671	67592987	0.9995
chr11	67592987	67593302	0.9766
chr11	67593302	67593617	0.8011
chr11	67593617	67593932	0.8788
chr11	67593932	67594247	0.5225
chr12	25237978	25238311	0.3366
chr12	25238311	25238645	0.3265
chr12	25238979	25239312	0.3625
chr12	25239312	25239645	0.3009
chr12	25239645	25239978	0.1938
chr12	25239978	25240311	0.2911
chr12	25240311	25240644	0.3207
chr12	25240978	25241311	0.415
chr12	25241311	25241645	0.2718
chr12	25241645	25241979	0.2242
chr12	25241979	25242312	0.1528
chr12	25242312	25242645	0.2046
chr12	25242645	25242978	0.255
chr12	25242978	25243311	0.239
chr12	25243311	25243644	0.4924
chr12	25243978	25244311	0.3179
chr12	25244311	25244645	0.2581
chr12	25244645	25244979	0.2685
chr12	25244979	25245312	0.2607
chr12	25245312	25245645	0.5655
chr12	25245645	25245978	0.7318
chr12	25245978	25246311	0.3242
chr12	25246311	25246644	0.2095
chr12	25246644	25246977	0.4525
chr12	25247310	25247643	0.0036
chr12	25247976	25248309	0.0574
chr12	25248309	25248642	0.0332
chr12	25248642	25248975	0.1437
chr12	25248975	25249308	0.0134
chr12	25249308	25249641	0.0231
chr12	25249641	25249974	0.1428
chr12	25249975	25250308	0.3093
chr12	25250308	25250642	0.0078
chr12	25250642	25250976	0.0003
chr12	25250976	25251309	0.0007
chr12	25251309	25251642	0.024
chr12	25251642	25251975	0.6067
chr12	25251975	25252308	0.7863
chr12	25252308	25252641	0.5499
chr12	25252641	25252974	0.5437
chr12	25252975	25253323	0.8674
chr12	25253323	25253672	0.8608
chr12	25253672	25254021	0.9123
chr12	25254021	25254370	0.9624
chr16	67952369	67952702	0.0442
chr16	67952702	67953036	0.1294
chr16	67953036	67953370	0.1339
chr16	67953370	67953703	0.2852
chr16	67953703	67954036	0.3667
chr16	67954036	67954369	0.0885
chr16	67954369	67954702	0.2474
chr16	67954702	67955035	0.0815
chr16	67955035	67955368	0.2296
chr16	67955369	67955702	0.3722
chr16	67955702	67956036	0.3641
chr16	67956036	67956370	0.3876
chr16	67956370	67956703	0.37
chr16	67956703	67957036	0.3043
chr16	67957036	67957369	0.5132
chr16	67957369	67957702	0.4229
chr16	67957702	67958035	0.3613
chr16	67958035	67958368	0.4192
chr16	67958369	67958702	0.5232
chr16	67958702	67959036	0.1004
chr16	67959036	67959370	0.6486
chr16	67959370	67959703	0.4539
chr16	67959703	67960036	0.6177
chr16	67960036	67960369	0.8347
chr16	67960369	67960702	0.4786
chr16	67960702	67961035	0.6563
chr16	67961035	67961368	0.8225
chr16	67961369	67961702	0.572
chr16	67961702	67962036	0.4884
chr16	67962036	67962370	0.5292
chr16	67962370	67962703	0.445
chr16	67962703	67963036	0.5514
chr16	67963036	67963369	0.7273
chr16	67963369	67963702	0.5397
chr16	67963702	67964035	0.1597
chr16	67964035	67964368	0.1237
chr16	67964369	67964702	0.3391
chr16	67964702	67965036	0.7517
chr16	67965036	67965370	0.1916
chr16	67965370	67965703	0.725
chr16	67965703	67966036	0.433
chr16	67966036	67966369	0.3995
chr16	67966369	67966702	0.7463
chr16	67966702	67967035	0.6538
chr16	67967035	67967368	0.362
chr16	67967369	67967702	0.4329
chr16	67967702	67968036	0.4602
chr16	67968036	67968370	0.0523
chr16	67968370	67968703	0.0042
chr16	67968703	67969036	0.1309
chr16	67969036	67969369	0.4062
chr16	67969369	67969702	0.2461
chr16	67969702	67970035	0.3197
chr16	67970035	67970368	0.5361
chr16	67970369	67970702	0.3615
chr16	67970702	67971036	0.3468
chr16	67971036	67971370	0.2667
chr16	67971370	67971703	0.0639
chr16	67971703	67972036	0.4396
chr16	67972036	67972369	0.306
chr16	67972369	67972702	0.1649
chr16	67972702	67973035	0.1812
chr16	67973035	67973368	0.2661
chr16	67973369	67973702	0.4336
chr16	67973702	67974036	0.9571
chr16	67974036	67974370	0.6421
chr16	67974370	67974703	0.8175
chr16	67974703	67975036	0.9811
chr16	67975036	67975369	0.5419
chr16	67975369	67975702	0.8582
chr16	67975702	67976035	0.7237
chr16	67976035	67976368	0.7217
chr17	7666465	7666797	0.1499
chr17	7666797	7667130	0.4311
chr17	7667130	7667463	0.4211
chr17	7667463	7667796	0.3207
chr17	7667796	7668129	0.2699
chr17	7668129	7668462	0.3795
chr17	7668462	7668795	0.3732
chr17	7668795	7669128	0.2685
chr17	7669128	7669461	0.3649
chr17	7672795	7673129	0.3975
chr17	7673129	7673463	0.5516
chr17	7673463	7673796	0.3437
chr17	7673796	7674129	0.3967
chr17	7674129	7674462	0.2437
chr17	7674462	7674795	0.3479
chr17	7674795	7675128	0.196
chr17	7675128	7675461	0.3785
chr17	7675462	7675795	0.0031
chr17	7675795	7676129	0.2369
chr17	7676129	7676463	0.2066
chr17	7676463	7676796	0.1092
chr17	7676796	7677129	0.0256
chr17	7677129	7677462	0.1915
chr17	7677462	7677795	0.0033
chr17	7677795	7678128	0.0085
chr17	7678128	7678461	0.0425
chr17	7678462	7678795	0.0535
chr17	7678795	7679129	0.0254
chr17	7679129	7679463	0.0705
chr17	7679463	7679796	0.1819
chr17	7679796	7680129	0.2939
chr17	7680129	7680462	0.3017
chr17	7680462	7680795	0.0443
chr17	7680795	7681128	0.0417
chr17	7681128	7681461	0.1008
chr17	7681462	7681794	0.0954
chr17	7681794	7682126	0.0964
chr17	41517522	41517855	0.7343
chr17	41517855	41518189	0.7353
chr17	41518189	41518523	0.4141
chr17	41518523	41518856	0.416
chr17	41518856	41519189	0.5138
chr17	41519189	41519522	0.4174
chr17	41519522	41519855	0.2596
chr17	41519855	41520188	0.4266
chr17	41520188	41520521	0.4236
chr17	41520522	41520855	0.9758
chr17	41520855	41521189	0.8734
chr17	41521189	41521523	0.6597
chr17	41521523	41521856	0.7407
chr17	41521856	41522189	0.58
chr17	41522189	41522522	0.5211
chr17	41522522	41522855	0.8929
chr17	41522855	41523188	0.6207
chr17	41523188	41523521	0.9029
chr17	41523522	41523854	0.5575
chr17	41523854	41524187	0.2085
chr17	41524187	41524519	0.3263
chr17	41524519	41524851	0.9393
chr17	41524851	41525183	0.3813
chr17	41525183	41525515	0.4995
chr17	41525515	41525847	0.9467
chr17	41525847	41526179	0.3449
chr17	41526179	41526511	0.1977
chr17	41526512	41526845	0.5147
chr17	41526845	41527179	0.4574
chr17	41527179	41527513	0.2611
chr17	41527513	41527846	0.0671
chr17	41527846	41528179	0.023
chr17	41528179	41528512	0.0444
chr17	41528512	41528845	0.4228
chr17	41528845	41529178	0.5219
chr17	41529178	41529511	0.8009
chr17	41529512	41529845	0.4966
chr17	41529845	41530179	0.9087
chr17	41530179	41530513	0.9874
chr17	41530513	41530846	0.7434
chr17	41531179	41531512	0.8081
chr17	41531512	41531845	0.4823
chr17	41532178	41532511	0.999
chr17	41532512	41532845	0.6699
chr17	41532845	41533178	0.6081
chr17	41533178	41533511	0.9179
chr17	41533511	41533844	0.8885
chr17	41533844	41534177	0.5759
chr17	41534177	41534510	0.4697
chr17	41534510	41534843	0.899
chr17	41534843	41535176	0.8962
chr17	41535176	41535509	0.9529
