chr3	49352623	49352956	0.9981
chr3	49352956	49353290	0.9951
chr3	49353290	49353624	0.9743
chr3	49353624	49353957	0.7628
chr3	49353957	49354290	0.7827
chr3	49354290	49354623	0.8452
chr3	49354623	49354956	0.8855
chr3	49354956	49355289	0.9715
chr3	49355289	49355622	0.9978
chr3	49355623	49355956	0.936
chr3	49355956	49356290	0.9567
chr3	49356290	49356624	0.8523
chr3	49356624	49356957	0.9588
chr3	49356957	49357290	0.6911
chr3	49357290	49357623	0.0661
chr3	49357623	49357956	0.0042
chr3	49357956	49358289	0.0007
chr3	49358289	49358622	0.0062
chr3	49358623	49358956	0.0633
chr3	49358956	49359290	0.4173
chr3	49359290	49359624	0.8578
chr3	49359624	49359957	0.7656
chr3	49359957	49360290	0.8224
chr3	49360290	49360623	0.808
chr3	49360623	49360956	0.7913
chr3	49360956	49361289	0.9106
chr3	49361289	49361622	0.8932
chr3	49361623	49361956	0.8516
chr3	49361956	49362290	0.9549
chr3	49362290	49362624	0.8942
chr3	49362624	49362957	0.8308
chr3	49362957	49363290	0.9349
chr3	49363290	49363623	0.9461
chr3	49363623	49363956	0.938
chr3	49363956	49364289	0.9449
chr3	49364289	49364622	0.949
chr3	49364623	49364932	0.9936
chr3	49364932	49365242	0.9981
chr3	49365242	49365551	0.9989
chr3	49365551	49365860	0.9976
chr3	49365860	49366169	0.998
chr5	58391722	58392056	0.7012
chr5	58392056	58392390	0.6314
chr5	58392390	58392723	0.6753
chr5	58392723	58393056	0.6989
chr5	58393056	58393389	0.6759
chr5	58393722	58394055	0.6824
chr5	58394055	58394388	0.6717
chr7	140778547	140778881	1.0
chr7	140778881	140779215	1.0
chr7	140779548	140779881	1.0
chr7	140779881	140780214	1.0
chr7	140780214	140780547	1.0
chr7	140780880	140781213	1.0
chr7	140781214	140781547	0.8428
chr7	140781547	140781881	0.7338
chr7	140782215	140782548	0.8015
chr7	140782548	140782881	0.8546
chr7	140782881	140783214	0.8036
chr7	140783547	140783880	0.4506
chr7	140784214	140784547	0.9794
chr7	140784547	140784880	0.9864
chr7	140784880	140785213	0.996
chr7	140785213	140785546	0.9809
chr7	140785546	140785879	0.9871
chr7	140785879	140786212	0.9403
chr7	140786545	140786878	0.9535
chr7	140786878	140787211	0.9976
chr7	154606300	154606634	0.0871
chr7	154606634	154606968	0.2321
chr7	154606968	154607301	0.1901
chr7	154607301	154607634	0.2046
chr7	154607634	154607967	0.3298
chr7	154607967	154608300	0.1099
chr7	154608300	154608633	0.144
chr7	154608633	154608966	0.1809
chr7	154611967	154612302	0.3395
chr7	154612302	154612638	0.2746
chr7	154612638	154612973	0.3462
chr7	154612973	154613308	0.3478
chr7	154613308	154613643	0.1773
chr7	154613643	154613978	0.1785
chr9	35677525	35677858	0.7526
chr9	35677858	35678192	0.8561
chr9	35678192	35678526	0.8181
chr9	35678526	35678859	0.7847
chr9	35678859	35679192	0.8122
chr9	35679192	35679525	0.7953
chr9	35679525	35679858	0.8045
chr9	35679858	35680191	0.8786
chr9	35680191	35680524	0.7687
chr9	35680525	35680858	0.875
chr9	35680858	35681192	1.0
chr9	35681192	35681526	1.0
chr9	35681526	35681859	1.0
chr9	35681859	35682192	0.9962
chr9	35682192	35682525	0.9999
chr9	35682525	35682858	1.0
chr9	35682858	35683191	1.0
chr9	35683191	35683524	1.0
chr9	35683525	35683858	0.9949
chr9	35683858	35684192	0.5021
chr9	35684192	35684526	0.9727
chr9	35684526	35684859	0.9809
chr9	35684859	35685192	0.9733
chr9	35685192	35685525	0.8595
chr9	35685525	35685858	0.8673
chr9	35685858	35686191	0.8482
chr9	35686191	35686524	0.991
chr9	35686525	35686858	0.7965
chr9	35686858	35687192	0.855
chr9	35687192	35687526	0.7269
chr9	35687526	35687859	0.6889
chr9	35687859	35688192	0.7475
chr9	35688192	35688525	0.6499
chr9	35688525	35688858	0.6571
chr9	35688858	35689191	0.7775
chr9	35689191	35689524	0.9301
chr9	35689525	35689858	0.6125
chr9	35689858	35690192	0.5062
chr9	35690192	35690526	0.3934
chr9	35690526	35690859	0.3944
chr9	35690859	35691192	0.5222
chr9	35691192	35691525	0.6684
chr9	35691525	35691858	0.6486
chr9	35691858	35692191	0.6919
chr9	35692191	35692524	0.7703
chr9	35692525	35692858	1.0
chr9	35692858	35693192	0.889
chr9	35693192	35693526	0.9977
chr9	35693526	35693860	1.0
chr9	35693860	35694194	1.0
chr9	35694194	35694528	0.9994
chr9	35694528	35694862	0.9991
chr9	35694862	35695195	1.0
chr9	35695195	35695528	1.0
chr9	35695529	35695856	1.0
chr9	35695856	35696184	1.0
chr9	35696184	35696512	1.0
chr9	35696512	35696839	1.0
chr9	35696839	35697166	1.0
chr11	67577032	67577365	0.6771
chr11	67577365	67577699	0.9138
chr11	67577699	67578033	0.8599
chr11	67578033	67578366	0.5511
chr11	67578366	67578699	0.5818
chr11	67578699	67579032	0.6269
chr11	67579032	67579365	0.6452
chr11	67579365	67579698	0.5107
chr11	67579698	67580031	0.4862
chr11	67580032	67580365	0.1319
chr11	67580365	67580699	0.2566
chr11	67580699	67581033	0.238
chr11	67581033	67581367	0.1461
chr11	67581367	67581701	0.2859
chr11	67581701	67582035	0.1726
chr11	67582035	67582369	0.1966
chr11	67582369	67582702	0.2776
chr11	67582702	67583035	0.3048
chr11	67583036	67583369	0.3419
chr11	67583369	67583703	0.0143
chr11	67583703	67584037	0.0034
chr11	67584037	67584370	0.0536
chr11	67584370	67584703	0.3301
chr11	67584703	67585036	0.6672
chr11	67585036	67585369	0.9037
chr11	67585369	67585702	0.9031
chr11	67585702	67586035	0.9012
chr11	67586036	67586369	0.9433
chr11	67586369	67586703	0.9806
chr11	67586703	67587037	0.9345
chr11	67587370	67587703	0.9285
chr11	67587703	67588036	0.9908
chr11	67588036	67588369	0.8738
chr11	67588369	67588702	0.8798
chr11	67588702	67589035	0.9742
chr11	67589036	67589369	0.8638
chr11	67589369	67589703	0.8252
chr11	67589703	67590037	0.7767
chr11	67590037	67590371	0.868
chr11	67590371	67590705	0.9083
chr11	67590705	67591039	0.9473
chr11	67591039	67591373	0.9042
chr11	67591373	67591706	0.8553
chr11	67591706	67592039	0.7874
chr11	67592040	67592355	0.4553
chr11	67592355	67592671	0.3936
chr11	67592671	67592987	0.5086
chr11	67592987	67593302	0.4688
chr11	67593302	67593617	0.3131
chr11	67593617	67593932	0.3139
chr11	67593932	67594247	0.1181
chr12	25237978	25238311	0.9377
chr12	25238311	25238645	0.9402
chr12	25238979	25239312	0.9309
chr12	25239312	25239645	0.9465
chr12	25239645	25239978	0.9684
chr12	25239978	25240311	0.9489
chr12	25240311	25240644	0.9416
chr12	25240978	25241311	0.9071
chr12	25241311	25241645	0.9534
chr12	25241645	25241979	0.9639
chr12	25241979	25242312	0.9779
chr12	25242312	25242645	0.9678
chr12	25242645	25242978	0.9572
chr12	25242978	25243311	0.9607
chr12	25243311	25243644	0.7847
chr12	25243978	25244311	0.942
chr12	25244311	25244645	0.9565
chr12	25244645	25244979	0.9542
chr12	25244979	25245312	0.9559
chr12	25245312	25245645	0.7742
chr12	25245645	25245978	0.5758
chr12	25245978	25246311	0.8638
chr12	25246311	25246644	0.9645
chr12	25246644	25246977	0.8594
chr12	25247310	25247643	0.9997
chr12	25247976	25248309	0.9913
chr12	25248309	25248642	0.9948
chr12	25248642	25248975	0.9791
chr12	25248975	25249308	0.9987
chr12	25249308	25249641	0.9972
chr12	25249641	25249974	0.9718
chr12	25249975	25250308	0.0811
chr12	25250308	25250642	0.0008
chr12	25250642	25250976	0.0
chr12	25250976	25251309	0.0
chr12	25251309	25251642	0.003
chr12	25251642	25251975	0.2349
chr12	25251975	25252308	0.7434
chr12	25252308	25252641	0.8716
chr12	25252641	25252974	0.875
chr12	25252975	25253323	0.7029
chr12	25253323	25253672	0.71
chr12	25253672	25254021	0.6725
chr12	25254021	25254370	0.5441
chr16	67952369	67952702	0.9931
chr16	67952702	67953036	0.979
chr16	67953036	67953370	0.9787
chr16	67953370	67953703	0.9497
chr16	67953703	67954036	0.9298
chr16	67954036	67954369	0.9863
chr16	67954369	67954702	0.9568
chr16	67954702	67955035	0.9875
chr16	67955035	67955368	0.9603
chr16	67955369	67955702	0.9264
chr16	67955702	67956036	0.9284
chr16	67956036	67956370	0.9206
chr16	67956370	67956703	0.9288
chr16	67956703	67957036	0.9455
chr16	67957036	67957369	0.873
chr16	67957369	67957702	0.8834
chr16	67957702	67958035	0.9307
chr16	67958035	67958368	0.9149
chr16	67958369	67958702	0.8782
chr16	67958702	67959036	0.9829
chr16	67959036	67959370	0.8122
chr16	67959370	67959703	0.8639
chr16	67959703	67960036	0.7791
chr16	67960036	67960369	0.6537
chr16	67960369	67960702	0.8353
chr16	67960702	67961035	0.8192
chr16	67961035	67961368	0.7273
chr16	67961369	67961702	0.862
chr16	67961702	67962036	0.886
chr16	67962036	67962370	0.8676
chr16	67962370	67962703	0.907
chr16	67962703	67963036	0.8643
chr16	67963036	67963369	0.7913
chr16	67963369	67963702	0.8764
chr16	67963702	67964035	0.9766
chr16	67964035	67964368	0.9828
chr16	67964369	67964702	0.8979
chr16	67964702	67965036	0.7846
chr16	67965036	67965370	0.9517
chr16	67965370	67965703	0.7985
chr16	67965703	67966036	0.8868
chr16	67966036	67966369	0.9042
chr16	67966369	67966702	0.7875
chr16	67966702	67967035	0.8262
chr16	67967035	67967368	0.9076
chr16	67967369	67967702	0.7349
chr16	67967702	67968036	0.3645
chr16	67968036	67968370	0.0219
chr16	67968370	67968703	0.0009
chr16	67968703	67969036	0.0686
chr16	67969036	67969369	0.3843
chr16	67969369	67969702	0.6332
chr16	67969702	67970035	0.6462
chr16	67970035	67970368	0.6894
chr16	67970369	67970702	0.9233
chr16	67970702	67971036	0.935
chr16	67971036	67971370	0.9434
chr16	67971370	67971703	0.986
chr16	67971703	67972036	0.9019
chr16	67972036	67972369	0.942
chr16	67972369	67972702	0.974
chr16	67972702	67973035	0.9698
chr16	67973035	67973368	0.9393
chr16	67973369	67973702	0.7238
chr16	67973702	67974036	0.6002
chr16	67974036	67974370	0.6842
chr16	67974370	67974703	0.6382
chr16	67974703	67975036	0.5807
chr16	67975036	67975369	0.706
chr16	67975369	67975702	0.6261
chr16	67975702	67976035	0.6103
chr16	67976035	67976368	0.6109
chr17	7666465	7666797	0.9782
chr17	7666797	7667130	0.6755
chr17	7667130	7667463	0.9145
chr17	7667463	7667796	0.9417
chr17	7667796	7668129	0.9537
chr17	7668129	7668462	0.9012
chr17	7668462	7668795	0.8841
chr17	7668795	7669128	0.9541
chr17	7669128	7669461	0.9303
chr17	7672795	7673129	0.8988
chr17	7673129	7673463	0.8132
chr17	7673463	7673796	0.898
chr17	7673796	7674129	0.8845
chr17	7674129	7674462	0.9586
chr17	7674462	7674795	0.9252
chr17	7674795	7675128	0.9692
chr17	7675128	7675461	0.7735
chr17	7675462	7675795	0.9998
chr17	7675795	7676129	0.8193
chr17	7676129	7676463	0.8439
chr17	7676463	7676796	0.7998
chr17	7676796	7677129	0.9973
chr17	7677129	7677462	0.8323
chr17	7677462	7677795	0.9998
chr17	7677795	7678128	0.9992
chr17	7678128	7678461	0.9949
chr17	7678462	7678795	0.9926
chr17	7678795	7679129	0.9969
chr17	7679129	7679463	0.9896
chr17	7679463	7679796	0.9715
chr17	7679796	7680129	0.9482
chr17	7680129	7680462	0.9464
chr17	7680462	7680795	0.994
chr17	7680795	7681128	0.9937
chr17	7681128	7681461	0.986
chr17	7681462	7681794	0.9877
chr17	7681794	7682126	0.9876
chr17	41517522	41517855	0.7937
chr17	41517855	41518189	0.7919
chr17	41518189	41518523	0.9157
chr17	41518523	41518856	0.9154
chr17	41518856	41519189	0.882
chr17	41519189	41519522	0.915
chr17	41519522	41519855	0.9489
chr17	41519855	41520188	0.9125
chr17	41520188	41520521	0.9047
chr17	41520522	41520855	0.4086
chr17	41520855	41521189	0.3152
chr17	41521189	41521523	0.2413
chr17	41521523	41521856	0.3488
chr17	41521856	41522189	0.297
chr17	41522189	41522522	0.245
chr17	41522522	41522855	0.3209
chr17	41522855	41523188	0.3071
chr17	41523188	41523521	0.3248
chr17	41523522	41523854	0.3759
chr17	41523854	41524187	0.0535
chr17	41524187	41524519	0.1259
chr17	41524519	41524851	0.4393
chr17	41524851	41525183	0.8739
chr17	41525183	41525515	0.861
chr17	41525515	41525847	0.6002
chr17	41525847	41526179	0.1405
chr17	41526179	41526511	0.0488
chr17	41526512	41526845	0.1261
chr17	41526845	41527179	0.1111
chr17	41527179	41527513	0.0509
chr17	41527513	41527846	0.0097
chr17	41527846	41528179	0.0026
chr17	41528179	41528512	0.006
chr17	41528512	41528845	0.0971
chr17	41528845	41529178	0.1446
chr17	41529178	41529511	0.2536
chr17	41529512	41529845	0.1474
chr17	41529845	41530179	0.3469
chr17	41530179	41530513	0.4843
chr17	41530513	41530846	0.7434
chr17	41531179	41531512	0.752
chr17	41531512	41531845	0.8224
chr17	41532178	41532511	0.5183
chr17	41532512	41532845	0.7581
chr17	41532845	41533178	0.7872
chr17	41533178	41533511	0.6671
chr17	41533511	41533844	0.6892
chr17	41533844	41534177	0.8131
chr17	41534177	41534510	0.8468
chr17	41534510	41534843	0.6849
chr17	41534843	41535176	0.6717
chr17	41535176	41535509	0.6271
