chr3	49352623	49352956	0.9879
chr3	49352956	49353290	0.9755
chr3	49353290	49353624	0.9431
chr3	49353624	49353957	0.7616
chr3	49353957	49354290	0.8248
chr3	49354290	49354623	0.8645
chr3	49354623	49354956	0.9302
chr3	49354956	49355289	0.9621
chr3	49355289	49355622	0.9799
chr3	49355623	49355956	0.8809
chr3	49355956	49356290	0.9058
chr3	49356290	49356624	0.6455
chr3	49356624	49356957	0.8673
chr3	49356957	49357290	0.1465
chr3	49357290	49357623	0.0011
chr3	49357623	49357956	0.0
chr3	49357956	49358289	0.0
chr3	49358289	49358622	0.0
chr3	49358623	49358956	0.0213
chr3	49358956	49359290	0.3567
chr3	49359290	49359624	0.9224
chr3	49359624	49359957	0.8365
chr3	49359957	49360290	0.8811
chr3	49360290	49360623	0.8528
chr3	49360623	49360956	0.8373
chr3	49360956	49361289	0.9525
chr3	49361289	49361622	0.9536
chr3	49361623	49361956	0.9179
chr3	49361956	49362290	0.9656
chr3	49362290	49362624	0.9371
chr3	49362624	49362957	0.9104
chr3	49362957	49363290	0.9605
chr3	49363290	49363623	0.9663
chr3	49363623	49363956	0.9731
chr3	49363956	49364289	0.9677
chr3	49364289	49364622	0.9689
chr3	49364623	49364932	0.8185
chr3	49364932	49365242	0.9515
chr3	49365242	49365551	0.7743
chr3	49365551	49365860	0.937
chr3	49365860	49366169	0.9904
chr5	58382389	58382722	0.9066
chr5	58382722	58383056	0.866
chr5	58383390	58383723	0.9601
chr5	58383723	58384056	0.9004
chr5	58384056	58384389	0.9056
chr5	58384389	58384722	0.8797
chr5	58384722	58385055	0.7603
chr5	58385055	58385388	0.9164
chr5	58385389	58385722	0.8437
chr5	58385722	58386056	0.809
chr5	58386056	58386390	0.7286
chr5	58386390	58386723	0.714
chr5	58386723	58387056	0.7283
chr5	58387056	58387389	0.773
chr5	58387389	58387722	0.7608
chr5	58387722	58388055	0.7275
chr5	58388055	58388388	0.7162
chr5	58388389	58388722	0.8998
chr5	58388722	58389056	0.9036
chr5	58389056	58389390	0.8991
chr5	58389390	58389723	0.9038
chr5	58389723	58390056	0.9408
chr5	58390056	58390389	0.9076
chr5	58390389	58390722	0.8995
chr5	58390722	58391055	0.8996
chr5	58391055	58391388	0.9531
chr5	58391722	58392056	0.9213
chr5	58392056	58392390	0.8574
chr5	58392390	58392723	0.9075
chr5	58392723	58393056	0.9202
chr5	58393056	58393389	0.9037
chr5	58393722	58394055	0.9034
chr5	58394055	58394388	0.9014
chr7	140775214	140775547	0.9614
chr7	140775547	140775881	0.8049
chr7	140776215	140776548	0.9616
chr7	140776881	140777214	0.9245
chr7	140777214	140777547	0.9524
chr7	140777547	140777880	0.9568
chr7	140778547	140778881	1.0
chr7	140778881	140779215	1.0
chr7	140779548	140779881	1.0
chr7	140779881	140780214	1.0
chr7	140780214	140780547	1.0
chr7	140780880	140781213	1.0
chr7	140781214	140781547	1.0
chr7	140781547	140781881	1.0
chr7	140782215	140782548	1.0
chr7	140782548	140782881	1.0
chr7	140782881	140783214	1.0
chr7	140783547	140783880	1.0
chr7	140784214	140784547	0.9828
chr7	140784547	140784880	0.9805
chr7	140784880	140785213	0.9938
chr7	140785213	140785546	0.9826
chr7	140785546	140785879	0.989
chr7	140785879	140786212	0.9686
chr7	140786545	140786878	0.8
chr7	140786878	140787211	0.9605
chr7	154593967	154594300	0.0087
chr7	154594300	154594634	0.0008
chr7	154594634	154594968	0.0033
chr7	154594968	154595301	0.0146
chr7	154595301	154595634	0.0136
chr7	154595634	154595967	0.011
chr7	154595967	154596300	0.0086
chr7	154596300	154596633	0.0043
chr7	154596633	154596966	0.0096
chr7	154597300	154597634	0.1363
chr7	154597634	154597968	0.1181
chr7	154597968	154598301	0.1976
chr7	154598301	154598634	0.2285
chr7	154598634	154598967	0.2662
chr7	154598967	154599300	0.1746
chr7	154599300	154599633	0.1507
chr7	154599633	154599966	0.1772
chr7	154599967	154600300	0.3061
chr7	154600300	154600634	0.3288
chr7	154600634	154600968	0.3186
chr7	154600968	154601301	0.4644
chr7	154601301	154601634	0.4924
chr7	154601634	154601967	0.726
chr7	154601967	154602300	0.4925
chr7	154602300	154602633	0.4197
chr7	154602633	154602966	0.4033
chr7	154602967	154603300	0.1606
chr7	154603300	154603634	0.1523
chr7	154603634	154603968	0.1571
chr7	154603968	154604301	0.153
chr7	154604634	154604967	0.1529
chr7	154604967	154605300	0.1622
chr7	154605300	154605633	0.1627
chr7	154605633	154605966	0.1616
chr7	154606300	154606634	0.0846
chr7	154606634	154606968	0.32
chr7	154606968	154607301	0.4854
chr7	154607301	154607634	0.5642
chr7	154607634	154607967	0.4717
chr7	154607967	154608300	0.1914
chr7	154608300	154608633	0.2339
chr7	154608633	154608966	0.2772
chr7	154608967	154609300	0.2951
chr7	154609300	154609634	0.3793
chr7	154609634	154609968	0.266
chr7	154609968	154610301	0.2777
chr7	154610301	154610634	0.263
chr7	154610634	154610967	0.2262
chr7	154610967	154611300	0.1342
chr7	154611300	154611633	0.1516
chr7	154611967	154612302	0.4873
chr7	154612302	154612638	0.4657
chr7	154612638	154612973	0.4759
chr7	154612973	154613308	0.4519
chr7	154613308	154613643	0.232
chr7	154613643	154613978	0.2057
chr9	35677525	35677858	0.8316
chr9	35677858	35678192	0.904
chr9	35678192	35678526	0.875
chr9	35678526	35678859	0.8158
chr9	35678859	35679192	0.8333
chr9	35679192	35679525	0.8378
chr9	35679525	35679858	0.8486
chr9	35679858	35680191	0.9015
chr9	35680191	35680524	0.8257
chr9	35680525	35680858	0.763
chr9	35680858	35681192	0.7213
chr9	35681192	35681526	0.7485
chr9	35681526	35681859	0.7829
chr9	35681859	35682192	0.8681
chr9	35682192	35682525	0.7788
chr9	35682525	35682858	0.7284
chr9	35682858	35683191	0.8076
chr9	35683191	35683524	0.7484
chr9	35683525	35683858	0.9474
chr9	35683858	35684192	0.9922
chr9	35684192	35684526	0.9365
chr9	35684526	35684859	0.9276
chr9	35684859	35685192	0.9233
chr9	35685192	35685525	0.8928
chr9	35685525	35685858	0.9092
chr9	35685858	35686191	0.9392
chr9	35686191	35686524	0.9163
chr9	35686525	35686858	0.5376
chr9	35686858	35687192	0.5823
chr9	35687192	35687526	0.5852
chr9	35687526	35687859	0.5961
chr9	35687859	35688192	0.6603
chr9	35688192	35688525	0.6399
chr9	35688525	35688858	0.6271
chr9	35688858	35689191	0.5
chr9	35689191	35689524	0.1754
chr9	35689525	35689858	0.1111
chr9	35689858	35690192	0.0041
chr9	35690192	35690526	0.0086
chr9	35690526	35690859	0.0039
chr9	35690859	35691192	0.0186
chr9	35691192	35691525	0.4982
chr9	35691525	35691858	0.8517
chr9	35691858	35692191	0.9029
chr9	35692191	35692524	0.9564
chr9	35692525	35692858	0.8597
chr9	35692858	35693192	0.8214
chr9	35693192	35693526	0.8498
chr9	35693526	35693860	0.8686
chr9	35693860	35694194	0.8598
chr9	35694194	35694528	0.8395
chr9	35694528	35694862	0.8262
chr9	35694862	35695195	0.8404
chr9	35695195	35695528	0.8239
chr11	67577032	67577365	0.6746
chr11	67577365	67577699	0.8297
chr11	67577699	67578033	0.7672
chr11	67578033	67578366	0.6416
chr11	67578366	67578699	0.6279
chr11	67578699	67579032	0.7026
chr11	67579032	67579365	0.6642
chr11	67579365	67579698	0.6449
chr11	67579698	67580031	0.6035
chr11	67580032	67580365	0.5613
chr11	67580365	67580699	0.5233
chr11	67580699	67581033	0.5226
chr11	67581033	67581367	0.5477
chr11	67581367	67581701	0.5749
chr11	67581701	67582035	0.6082
chr11	67582035	67582369	0.567
chr11	67582369	67582702	0.54
chr11	67582702	67583035	0.6265
chr11	67583036	67583369	0.2287
chr11	67583369	67583703	0.0122
chr11	67583703	67584037	0.0024
chr11	67584037	67584370	0.0399
chr11	67584370	67584703	0.1875
chr11	67584703	67585036	0.499
chr11	67585036	67585369	0.6476
chr11	67585369	67585702	0.7224
chr11	67585702	67586035	0.7522
chr11	67586036	67586369	0.9274
chr11	67586369	67586703	0.9615
chr11	67586703	67587037	0.8714
chr11	67587370	67587703	0.7574
chr11	67587703	67588036	0.9537
chr11	67588036	67588369	0.7571
chr11	67588369	67588702	0.7556
chr11	67588702	67589035	0.957
chr11	67589036	67589369	0.9194
chr11	67589369	67589703	0.9381
chr11	67589703	67590037	0.9419
chr11	67590037	67590371	0.9254
chr11	67590371	67590705	0.8425
chr11	67590705	67591039	0.8636
chr11	67591039	67591373	0.8689
chr11	67591373	67591706	0.9291
chr11	67591706	67592039	0.9381
chr11	67592040	67592355	0.721
chr11	67592355	67592671	0.8206
chr11	67592671	67592987	0.7488
chr11	67592987	67593302	0.7672
chr11	67593302	67593617	0.8015
chr11	67593617	67593932	0.7046
chr11	67593932	67594247	0.5386
chr12	25237978	25238311	0.8899
chr12	25238311	25238645	0.8808
chr12	25238979	25239312	0.827
chr12	25239312	25239645	0.9508
chr12	25239645	25239978	0.9677
chr12	25239978	25240311	0.9626
chr12	25240311	25240644	0.8978
chr12	25240978	25241311	0.8763
chr12	25241311	25241645	0.9325
chr12	25241645	25241979	0.9472
chr12	25241979	25242312	0.9674
chr12	25242312	25242645	0.953
chr12	25242645	25242978	0.9376
chr12	25242978	25243311	0.9429
chr12	25243311	25243644	0.762
chr12	25243978	25244311	0.8794
chr12	25244311	25244645	0.947
chr12	25244645	25244979	0.9351
chr12	25244979	25245312	0.952
chr12	25245312	25245645	0.6223
chr12	25245645	25245978	0.5001
chr12	25245978	25246311	0.8146
chr12	25246311	25246644	0.9863
chr12	25246644	25246977	0.7531
chr12	25247310	25247643	0.9988
chr12	25247976	25248309	0.9529
chr12	25248309	25248642	0.9684
chr12	25248642	25248975	0.9018
chr12	25248975	25249308	0.9945
chr12	25249308	25249641	0.9884
chr12	25249641	25249974	0.7792
chr12	25249975	25250308	0.2143
chr12	25250308	25250642	0.0022
chr12	25250642	25250976	0.0001
chr12	25250976	25251309	0.0002
chr12	25251309	25251642	0.0119
chr12	25251642	25251975	0.4561
chr12	25251975	25252308	0.8591
chr12	25252308	25252641	0.8996
chr12	25252641	25252974	0.7943
chr12	25252975	25253323	0.7013
chr12	25253323	25253672	0.7084
chr12	25253672	25254021	0.6704
chr12	25254021	25254370	0.5413
chr16	67952369	67952702	0.9744
chr16	67952702	67953036	0.968
chr16	67953036	67953370	0.947
chr16	67953370	67953703	0.9048
chr16	67953703	67954036	0.8991
chr16	67954036	67954369	0.9258
chr16	67954369	67954702	0.9157
chr16	67954702	67955035	0.9297
chr16	67955035	67955368	0.9207
chr16	67955369	67955702	0.9361
chr16	67955702	67956036	0.9237
chr16	67956036	67956370	0.9072
chr16	67956370	67956703	0.952
chr16	67956703	67957036	0.9613
chr16	67957036	67957369	0.835
chr16	67957369	67957702	0.8379
chr16	67957702	67958035	0.9417
chr16	67958035	67958368	0.9487
chr16	67958369	67958702	0.9999
chr16	67958702	67959036	0.9998
chr16	67959036	67959370	0.9997
chr16	67959370	67959703	0.9996
chr16	67959703	67960036	0.9995
chr16	67960036	67960369	0.9995
chr16	67960369	67960702	0.9977
chr16	67960702	67961035	0.9997
chr16	67961035	67961368	0.9997
chr16	67961369	67961702	0.5788
chr16	67961702	67962036	0.5806
chr16	67962036	67962370	0.5613
chr16	67962370	67962703	0.5624
chr16	67962703	67963036	0.5552
chr16	67963036	67963369	0.5116
chr16	67963369	67963702	0.5203
chr16	67963702	67964035	0.8543
chr16	67964035	67964368	0.8301
chr16	67964369	67964702	0.8064
chr16	67964702	67965036	0.6206
chr16	67965036	67965370	0.6041
chr16	67965370	67965703	0.5499
chr16	67965703	67966036	0.6304
chr16	67966036	67966369	0.65
chr16	67966369	67966702	0.5731
chr16	67966702	67967035	0.5702
chr16	67967035	67967368	0.6916
chr16	67967369	67967702	0.7972
chr16	67967702	67968036	0.3906
chr16	67968036	67968370	0.0206
chr16	67968370	67968703	0.0007
chr16	67968703	67969036	0.0657
chr16	67969036	67969369	0.433
chr16	67969369	67969702	0.7541
chr16	67969702	67970035	0.7516
chr16	67970035	67970368	0.7571
chr16	67970369	67970702	0.8657
chr16	67970702	67971036	0.8624
chr16	67971036	67971370	0.8798
chr16	67971370	67971703	0.9392
chr16	67971703	67972036	0.858
chr16	67972036	67972369	0.8696
chr16	67972369	67972702	0.8894
chr16	67972702	67973035	0.8885
chr16	67973035	67973368	0.9105
chr16	67973369	67973702	0.7712
chr16	67973702	67974036	0.6368
chr16	67974036	67974370	0.7185
chr16	67974370	67974703	0.673
chr16	67974703	67975036	0.6189
chr16	67975036	67975369	0.7431
chr16	67975369	67975702	0.6592
chr16	67975702	67976035	0.6626
chr16	67976035	67976368	0.6612
chr17	7666465	7666797	0.8723
chr17	7666797	7667130	0.964
chr17	7667130	7667463	0.8989
chr17	7667463	7667796	0.8882
chr17	7667796	7668129	0.9028
chr17	7668129	7668462	0.9154
chr17	7668462	7668795	0.9102
chr17	7668795	7669128	0.8887
chr17	7669128	7669461	0.8925
chr17	7669462	7669795	0.9512
chr17	7669795	7670129	0.9677
chr17	7670129	7670463	0.9615
chr17	7670463	7670796	0.986
chr17	7670796	7671129	0.9496
chr17	7671129	7671462	0.9645
chr17	7671462	7671795	0.9661
chr17	7671795	7672128	0.9559
chr17	7672128	7672461	0.9725
chr17	7672795	7673129	0.9164
chr17	7673129	7673463	0.8618
chr17	7673463	7673796	0.9168
chr17	7673796	7674129	0.9166
chr17	7674129	7674462	0.9648
chr17	7674462	7674795	0.9462
chr17	7674795	7675128	0.9736
chr17	7675128	7675461	0.8074
chr17	7675462	7675795	0.9972
chr17	7675795	7676129	0.9996
chr17	7676129	7676463	0.9986
chr17	7676463	7676796	0.9993
chr17	7676796	7677129	0.9985
chr17	7677129	7677462	0.9994
chr17	7677462	7677795	0.9976
chr17	7677795	7678128	0.999
chr17	7678128	7678461	0.9979
chr17	7678462	7678795	0.9631
chr17	7678795	7679129	0.9805
chr17	7679129	7679463	0.9659
chr17	7679463	7679796	0.9597
chr17	7679796	7680129	0.9622
chr17	7680129	7680462	0.9414
chr17	7680462	7680795	0.9797
chr17	7680795	7681128	0.972
chr17	7681128	7681461	0.9164
chr17	7681462	7681794	0.9592
chr17	7681794	7682126	0.9922
