chr3	49352623	49352956	0.1923
chr3	49352956	49353290	0.1709
chr3	49353290	49353624	0.1456
chr3	49353624	49353957	0.1953
chr3	49353957	49354290	0.063
chr3	49354290	49354623	0.1951
chr3	49354623	49354956	0.0997
chr3	49354956	49355289	0.1312
chr3	49355289	49355622	0.2539
chr3	49355623	49355956	0.3555
chr3	49355956	49356290	0.3368
chr3	49356290	49356624	0.5745
chr3	49356624	49356957	0.366
chr3	49356957	49357290	0.6433
chr3	49357290	49357623	0.1028
chr3	49357623	49357956	0.0052
chr3	49357956	49358289	0.0007
chr3	49358289	49358622	0.0074
chr3	49358623	49358956	0.1244
chr3	49358956	49359290	0.9662
chr3	49359290	49359624	0.6093
chr3	49359624	49359957	0.8208
chr3	49359957	49360290	0.5894
chr3	49360290	49360623	0.4698
chr3	49360623	49360956	0.6235
chr3	49360956	49361289	0.3755
chr3	49361289	49361622	0.2774
chr3	49361623	49361956	0.5432
chr3	49361956	49362290	0.2273
chr3	49362290	49362624	0.4038
chr3	49362624	49362957	0.6187
chr3	49362957	49363290	0.3373
chr3	49363290	49363623	0.3066
chr3	49363623	49363956	0.3157
chr3	49363956	49364289	0.3579
chr3	49364289	49364622	0.305
chr3	49364623	49364932	0.0191
chr3	49364932	49365242	0.0051
chr3	49365242	49365551	0.0009
chr3	49365551	49365860	0.0114
chr3	49365860	49366169	0.0186
chr5	58391722	58392056	0.9539
chr5	58392056	58392390	0.9747
chr5	58392390	58392723	0.9228
chr5	58392723	58393056	0.9289
chr5	58393056	58393389	0.9862
chr5	58393722	58394055	0.8981
chr5	58394055	58394388	0.9226
chr7	140775214	140775547	0.0608
chr7	140775547	140775881	0.283
chr7	140776215	140776548	0.154
chr7	140776881	140777214	0.2123
chr7	140777214	140777547	0.1566
chr7	140777547	140777880	0.1426
chr7	140778547	140778881	0.4389
chr7	140778881	140779215	0.3885
chr7	140779548	140779881	0.1826
chr7	140779881	140780214	0.0657
chr7	140780214	140780547	0.1611
chr7	140780880	140781213	0.2554
chr7	140781214	140781547	0.0005
chr7	140781547	140781881	0.1038
chr7	140782215	140782548	0.0041
chr7	140782548	140782881	0.0025
chr7	140782881	140783214	0.0023
chr7	140783547	140783880	0.002
chr7	140784214	140784547	0.0973
chr7	140784547	140784880	0.089
chr7	140784880	140785213	0.035
chr7	140785213	140785546	0.0787
chr7	140785546	140785879	0.0657
chr7	140785879	140786212	0.1605
chr7	140786545	140786878	0.2536
chr7	140786878	140787211	0.039
chr7	154597300	154597634	0.0014
chr7	154597634	154597968	0.0026
chr7	154597968	154598301	0.0047
chr7	154598301	154598634	0.0013
chr7	154598634	154598967	0.0031
chr7	154598967	154599300	0.0009
chr7	154599300	154599633	0.0022
chr7	154599633	154599966	0.0039
chr7	154599967	154600300	0.3854
chr7	154600300	154600634	0.1981
chr7	154600634	154600968	0.6167
chr7	154600968	154601301	0.1516
chr7	154601301	154601634	0.4784
chr7	154601634	154601967	0.2848
chr7	154601967	154602300	0.4734
chr7	154602300	154602633	0.2171
chr7	154602633	154602966	0.3857
chr7	154602967	154603300	0.1541
chr7	154603300	154603634	0.2468
chr7	154603634	154603968	0.2159
chr7	154603968	154604301	0.478
chr7	154604634	154604967	0.5877
chr7	154604967	154605300	0.5346
chr7	154605300	154605633	0.5965
chr7	154605633	154605966	0.5989
chr7	154606300	154606634	0.1271
chr7	154606634	154606968	0.6422
chr7	154606968	154607301	0.4362
chr7	154607301	154607634	0.6213
chr7	154607634	154607967	0.9175
chr7	154607967	154608300	0.2988
chr7	154608300	154608633	0.3949
chr7	154608633	154608966	0.5132
chr7	154608967	154609300	0.2364
chr7	154609300	154609634	0.6882
chr7	154609634	154609968	0.3361
chr7	154609968	154610301	0.35
chr7	154610301	154610634	0.3802
chr7	154610634	154610967	0.2984
chr7	154610967	154611300	0.1278
chr7	154611300	154611633	0.0932
chr7	154611967	154612302	0.7527
chr7	154612302	154612638	0.5639
chr7	154612638	154612973	0.7875
chr7	154612973	154613308	0.8166
chr7	154613308	154613643	0.6658
chr7	154613643	154613978	0.5779
chr9	35677525	35677858	0.7326
chr9	35677858	35678192	0.4042
chr9	35678192	35678526	0.5346
chr9	35678526	35678859	0.7526
chr9	35678859	35679192	0.6837
chr9	35679192	35679525	0.6865
chr9	35679525	35679858	0.645
chr9	35679858	35680191	0.4004
chr9	35680191	35680524	0.7395
chr9	35680525	35680858	0.3914
chr9	35680858	35681192	0.3765
chr9	35681192	35681526	0.244
chr9	35681526	35681859	0.18
chr9	35681859	35682192	0.7668
chr9	35682192	35682525	0.4344
chr9	35682525	35682858	0.3902
chr9	35682858	35683191	0.4855
chr9	35683191	35683524	0.2713
chr9	35683525	35683858	0.1373
chr9	35683858	35684192	0.4053
chr9	35684192	35684526	0.1481
chr9	35684526	35684859	0.1665
chr9	35684859	35685192	0.2037
chr9	35685192	35685525	0.3143
chr9	35685525	35685858	0.3464
chr9	35685858	35686191	0.2781
chr9	35686191	35686524	0.1389
chr9	35686525	35686858	0.5225
chr9	35686858	35687192	0.4492
chr9	35687192	35687526	0.7178
chr9	35687526	35687859	0.76
chr9	35687859	35688192	0.4851
chr9	35688192	35688525	0.7918
chr9	35688525	35688858	0.7886
chr9	35688858	35689191	0.6815
chr9	35689191	35689524	0.3211
chr9	35689525	35689858	0.3105
chr9	35689858	35690192	0.1938
chr9	35690192	35690526	0.3349
chr9	35690526	35690859	0.1786
chr9	35690859	35691192	0.2293
chr9	35691192	35691525	0.3979
chr9	35691525	35691858	0.6185
chr9	35691858	35692191	0.6664
chr9	35692191	35692524	0.3761
chr9	35692525	35692858	0.1661
chr9	35692858	35693192	0.4835
chr9	35693192	35693526	0.5072
chr9	35693526	35693860	0.2896
chr9	35693860	35694194	0.3048
chr9	35694194	35694528	0.4302
chr9	35694528	35694862	0.34
chr9	35694862	35695195	0.2467
chr9	35695195	35695528	0.5063
chr9	35695529	35695856	0.0005
chr9	35695856	35696184	0.0001
chr9	35696184	35696512	0.0005
chr9	35696512	35696839	0.0003
chr9	35696839	35697166	0.0004
chr11	67577032	67577365	0.6643
chr11	67577365	67577699	0.1515
chr11	67577699	67578033	0.2991
chr11	67578033	67578366	0.7432
chr11	67578366	67578699	0.8323
chr11	67578699	67579032	0.5096
chr11	67579032	67579365	0.7091
chr11	67579365	67579698	0.6689
chr11	67579698	67580031	0.8372
chr11	67580032	67580365	0.5511
chr11	67580365	67580699	0.9308
chr11	67580699	67581033	0.9196
chr11	67581033	67581367	0.6039
chr11	67581367	67581701	0.796
chr11	67581701	67582035	0.5222
chr11	67582035	67582369	0.5908
chr11	67582369	67582702	0.9124
chr11	67582702	67583035	0.5199
chr11	67583036	67583369	0.3728
chr11	67583369	67583703	0.038
chr11	67583703	67584037	0.0059
chr11	67584037	67584370	0.095
chr11	67584370	67584703	0.2996
chr11	67584703	67585036	0.7429
chr11	67585036	67585369	0.1938
chr11	67585369	67585702	0.261
chr11	67585702	67586035	0.2678
chr11	67586036	67586369	0.4071
chr11	67586369	67586703	0.1712
chr11	67586703	67587037	0.3643
chr11	67587370	67587703	0.4087
chr11	67587703	67588036	0.0666
chr11	67588036	67588369	0.6221
chr11	67588369	67588702	0.5998
chr11	67588702	67589035	0.2057
chr11	67589036	67589369	0.4289
chr11	67589369	67589703	0.4472
chr11	67589703	67590037	0.5437
chr11	67590037	67590371	0.3946
chr11	67590371	67590705	0.4929
chr11	67590705	67591039	0.3078
chr11	67591039	67591373	0.4593
chr11	67591373	67591706	0.3915
chr11	67591706	67592039	0.5284
chr11	67592040	67592355	0.9612
chr11	67592355	67592671	0.7772
chr11	67592671	67592987	0.913
chr11	67592987	67593302	0.906
chr11	67593302	67593617	0.86
chr11	67593617	67593932	0.9741
chr11	67593932	67594247	0.73
chr12	25237978	25238311	0.114
chr12	25238311	25238645	0.1687
chr12	25238979	25239312	0.1624
chr12	25239312	25239645	0.0556
chr12	25239645	25239978	0.2978
chr12	25239978	25240311	0.0404
chr12	25240311	25240644	0.1448
chr12	25240978	25241311	0.018
chr12	25241311	25241645	0.0083
chr12	25241645	25241979	0.0065
chr12	25241979	25242312	0.0041
chr12	25242312	25242645	0.0059
chr12	25242645	25242978	0.0076
chr12	25242978	25243311	0.0076
chr12	25243311	25243644	0.0875
chr12	25243978	25244311	0.0
chr12	25244311	25244645	0.0
chr12	25244645	25244979	0.0
chr12	25244979	25245312	0.0
chr12	25245312	25245645	0.0
chr12	25245645	25245978	0.0
chr12	25245978	25246311	0.0
chr12	25246311	25246644	0.0001
chr12	25246644	25246977	0.0
chr12	25247310	25247643	0.0
chr12	25247976	25248309	0.0006
chr12	25248309	25248642	0.0004
chr12	25248642	25248975	0.0015
chr12	25248975	25249308	0.0001
chr12	25249308	25249641	0.0002
chr12	25249641	25249974	0.001
chr12	25249975	25250308	0.2558
chr12	25250308	25250642	0.0009
chr12	25250642	25250976	0.0001
chr12	25250976	25251309	0.0001
chr12	25251309	25251642	0.0063
chr12	25251642	25251975	0.56
chr12	25251975	25252308	0.5995
chr12	25252308	25252641	0.4161
chr12	25252641	25252974	0.6817
chr12	25252975	25253323	0.6683
chr12	25253323	25253672	0.6976
chr12	25253672	25254021	0.8608
chr12	25254021	25254370	0.7407
chr16	67952369	67952702	0.1142
chr16	67952702	67953036	0.2082
chr16	67953036	67953370	0.1654
chr16	67953370	67953703	0.1906
chr16	67953703	67954036	0.2066
chr16	67954036	67954369	0.0957
chr16	67954369	67954702	0.1917
chr16	67954702	67955035	0.1014
chr16	67955035	67955368	0.1927
chr16	67955369	67955702	0.2166
chr16	67955702	67956036	0.1922
chr16	67956036	67956370	0.1813
chr16	67956370	67956703	0.2524
chr16	67956703	67957036	0.2494
chr16	67957036	67957369	0.144
chr16	67957369	67957702	0.1508
chr16	67957702	67958035	0.2236
chr16	67958035	67958368	0.2673
chr16	67958369	67958702	0.4249
chr16	67958702	67959036	0.0694
chr16	67959036	67959370	0.5311
chr16	67959370	67959703	0.3308
chr16	67959703	67960036	0.4686
chr16	67960036	67960369	0.7068
chr16	67960369	67960702	0.3341
chr16	67960702	67961035	0.522
chr16	67961035	67961368	0.7135
chr16	67961369	67961702	0.3521
chr16	67961702	67962036	0.3693
chr16	67962036	67962370	0.3907
chr16	67962370	67962703	0.4811
chr16	67962703	67963036	0.4327
chr16	67963036	67963369	0.3969
chr16	67963369	67963702	0.6605
chr16	67963702	67964035	0.3099
chr16	67964035	67964368	0.2901
chr16	67964369	67964702	0.3842
chr16	67964702	67965036	0.7539
chr16	67965036	67965370	0.3058
chr16	67965370	67965703	0.7479
chr16	67965703	67966036	0.5232
chr16	67966036	67966369	0.5092
chr16	67966369	67966702	0.7564
chr16	67966702	67967035	0.6989
chr16	67967035	67967368	0.4478
chr16	67967369	67967702	0.4394
chr16	67967702	67968036	0.459
chr16	67968036	67968370	0.0523
chr16	67968370	67968703	0.0043
chr16	67968703	67969036	0.1309
chr16	67969036	67969369	0.4042
chr16	67969369	67969702	0.2494
chr16	67969702	67970035	0.3251
chr16	67970035	67970368	0.5427
chr16	67970369	67970702	0.3664
chr16	67970702	67971036	0.1861
chr16	67971036	67971370	0.2801
chr16	67971370	67971703	0.1267
chr16	67971703	67972036	0.514
chr16	67972036	67972369	0.2293
chr16	67972369	67972702	0.1166
chr16	67972702	67973035	0.1324
chr16	67973035	67973368	0.2557
chr16	67973369	67973702	0.387
chr16	67973702	67974036	0.9257
chr16	67974036	67974370	0.5665
chr16	67974370	67974703	0.7674
chr16	67974703	67975036	0.9727
chr16	67975036	67975369	0.4759
chr16	67975369	67975702	0.8106
chr16	67975702	67976035	0.6983
chr16	67976035	67976368	0.6844
chr17	7666465	7666797	0.167
chr17	7666797	7667130	0.0481
chr17	7667130	7667463	0.2394
chr17	7667463	7667796	0.2404
chr17	7667796	7668129	0.159
chr17	7668129	7668462	0.1112
chr17	7668462	7668795	0.1262
chr17	7668795	7669128	0.2092
chr17	7669128	7669461	0.2425
chr17	7669462	7669795	0.1052
chr17	7669795	7670129	0.2224
chr17	7670129	7670463	0.2453
chr17	7670463	7670796	0.1888
chr17	7670796	7671129	0.2216
chr17	7671129	7671462	0.3144
chr17	7671462	7671795	0.2842
chr17	7671795	7672128	0.2731
chr17	7672128	7672461	0.1379
chr17	7672795	7673129	0.1753
chr17	7673129	7673463	0.1469
chr17	7673463	7673796	0.2008
chr17	7673796	7674129	0.1863
chr17	7674129	7674462	0.2124
chr17	7674462	7674795	0.184
chr17	7674795	7675128	0.2297
chr17	7675128	7675461	0.1268
chr17	7678462	7678795	0.0991
chr17	7678795	7679129	0.0502
chr17	7679129	7679463	0.1092
chr17	7679463	7679796	0.1878
chr17	7679796	7680129	0.2314
chr17	7680129	7680462	0.2972
chr17	7680462	7680795	0.0666
chr17	7680795	7681128	0.0766
chr17	7681128	7681461	0.2153
chr17	7681462	7681794	0.0545
chr17	7681794	7682126	0.0369
chr17	41517522	41517855	0.6846
chr17	41517855	41518189	0.734
chr17	41518189	41518523	0.4092
chr17	41518523	41518856	0.3833
chr17	41518856	41519189	0.471
chr17	41519189	41519522	0.3935
chr17	41519522	41519855	0.3712
chr17	41519855	41520188	0.3616
chr17	41520188	41520521	0.54
chr17	41520522	41520855	0.9742
chr17	41520855	41521189	0.9216
chr17	41521189	41521523	0.7485
chr17	41521523	41521856	0.7631
chr17	41521856	41522189	0.6035
chr17	41522189	41522522	0.5791
chr17	41522522	41522855	0.9382
chr17	41522855	41523188	0.6416
chr17	41523188	41523521	0.9692
chr17	41523522	41523854	0.6249
chr17	41523854	41524187	0.3079
chr17	41524187	41524519	0.4402
chr17	41524519	41524851	0.9544
chr17	41524851	41525183	0.4682
chr17	41525183	41525515	0.5462
chr17	41525515	41525847	0.9363
chr17	41525847	41526179	0.4735
chr17	41526179	41526511	0.2653
chr17	41526512	41526845	0.3927
chr17	41526845	41527179	0.3445
chr17	41527179	41527513	0.1914
chr17	41527513	41527846	0.0477
chr17	41527846	41528179	0.0149
chr17	41528179	41528512	0.0302
chr17	41528512	41528845	0.3224
chr17	41528845	41529178	0.3967
chr17	41529178	41529511	0.6828
chr17	41529512	41529845	0.5646
chr17	41529845	41530179	0.9456
chr17	41530179	41530513	0.9901
chr17	41530513	41530846	0.7278
chr17	41531179	41531512	0.7795
chr17	41531512	41531845	0.4748
chr17	41532178	41532511	0.9949
chr17	41532512	41532845	0.6633
chr17	41532845	41533178	0.6142
chr17	41533178	41533511	0.8064
chr17	41533511	41533844	0.7907
chr17	41533844	41534177	0.6192
chr17	41534177	41534510	0.4888
chr17	41534510	41534843	0.772
chr17	41534843	41535176	0.7865
chr17	41535176	41535509	0.8376
