chr3	49352623	49352956	0.0501
chr3	49352956	49353290	0.1234
chr3	49353290	49353624	0.3592
chr3	49353624	49353957	0.3474
chr3	49353957	49354290	0.4336
chr3	49354290	49354623	0.295
chr3	49354623	49354956	0.4586
chr3	49354956	49355289	0.3274
chr3	49355289	49355622	0.065
chr3	49355623	49355956	0.4991
chr3	49355956	49356290	0.3686
chr3	49356290	49356624	0.929
chr3	49356624	49356957	0.4249
chr3	49356957	49357290	0.2903
chr3	49357290	49357623	0.0084
chr3	49357623	49357956	0.0001
chr3	49357956	49358289	0.0
chr3	49358289	49358622	0.0003
chr3	49358623	49358956	0.0864
chr3	49358956	49359290	0.9525
chr3	49359290	49359624	0.4719
chr3	49359624	49359957	0.7212
chr3	49359957	49360290	0.4987
chr3	49360290	49360623	0.4148
chr3	49360623	49360956	0.5556
chr3	49360956	49361289	0.2805
chr3	49361289	49361622	0.1896
chr3	49361623	49361956	0.2904
chr3	49361956	49362290	0.1762
chr3	49362290	49362624	0.2391
chr3	49362624	49362957	0.3254
chr3	49362957	49363290	0.2316
chr3	49363290	49363623	0.2126
chr3	49363623	49363956	0.1964
chr3	49363956	49364289	0.2415
chr3	49364289	49364622	0.2401
chr3	49364623	49364932	0.4346
chr3	49364932	49365242	0.3619
chr3	49365242	49365551	0.1771
chr3	49365551	49365860	0.3317
chr3	49365860	49366169	0.133
chr7	140775214	140775547	0.4149
chr7	140775547	140775881	0.4762
chr7	140776215	140776548	0.4112
chr7	140776881	140777214	0.4341
chr7	140777214	140777547	0.4187
chr7	140777547	140777880	0.4157
chr7	140778547	140778881	0.2994
chr7	140778881	140779215	0.3033
chr7	140779548	140779881	0.5115
chr7	140779881	140780214	0.4137
chr7	140780214	140780547	0.3692
chr7	140780880	140781213	0.3424
chr7	140781214	140781547	0.2852
chr7	140781547	140781881	0.1157
chr7	140782215	140782548	0.289
chr7	140782548	140782881	0.2314
chr7	140782881	140783214	0.247
chr7	140783547	140783880	0.7475
chr7	140784214	140784547	0.0371
chr7	140784547	140784880	0.0307
chr7	140784880	140785213	0.1618
chr7	140785213	140785546	0.0453
chr7	140785546	140785879	0.0473
chr7	140785879	140786212	0.0374
chr7	140786545	140786878	0.0081
chr7	140786878	140787211	0.0424
chr7	154593967	154594300	0.0239
chr7	154594300	154594634	0.0025
chr7	154594634	154594968	0.0087
chr7	154594968	154595301	0.0367
chr7	154595301	154595634	0.0345
chr7	154595634	154595967	0.0292
chr7	154595967	154596300	0.0203
chr7	154596300	154596633	0.0102
chr7	154596633	154596966	0.0262
chr7	154597300	154597634	0.5383
chr7	154597634	154597968	0.5047
chr7	154597968	154598301	0.5887
chr7	154598301	154598634	0.6432
chr7	154598634	154598967	0.6696
chr7	154598967	154599300	0.5872
chr7	154599300	154599633	0.548
chr7	154599633	154599966	0.5677
chr7	154599967	154600300	0.5696
chr7	154600300	154600634	0.6974
chr7	154600634	154600968	0.8175
chr7	154600968	154601301	0.9107
chr7	154601301	154601634	0.9956
chr7	154601634	154601967	0.8842
chr7	154601967	154602300	0.9954
chr7	154602300	154602633	0.9128
chr7	154602633	154602966	0.9224
chr7	154602967	154603300	0.4504
chr7	154603300	154603634	0.4219
chr7	154603634	154603968	0.4467
chr7	154603968	154604301	0.4765
chr7	154604634	154604967	0.4959
chr7	154604967	154605300	0.5535
chr7	154605300	154605633	0.5681
chr7	154605633	154605966	0.5605
chr7	154606300	154606634	0.4339
chr7	154606634	154606968	0.9128
chr7	154606968	154607301	0.8364
chr7	154607301	154607634	0.925
chr7	154607634	154607967	0.9953
chr7	154607967	154608300	0.7989
chr7	154608300	154608633	0.8384
chr7	154608633	154608966	0.8953
chr7	154608967	154609300	0.9449
chr7	154609300	154609634	0.9814
chr7	154609634	154609968	0.8914
chr7	154609968	154610301	0.9083
chr7	154610301	154610634	0.8693
chr7	154610634	154610967	0.8086
chr7	154610967	154611300	0.6743
chr7	154611300	154611633	0.7826
chr7	154611967	154612302	0.9899
chr7	154612302	154612638	0.8005
chr7	154612638	154612973	0.9984
chr7	154612973	154613308	0.9919
chr7	154613308	154613643	0.6117
chr7	154613643	154613978	0.5049
chr9	35677525	35677858	0.5688
chr9	35677858	35678192	0.4054
chr9	35678192	35678526	0.4903
chr9	35678526	35678859	0.6796
chr9	35678859	35679192	0.6604
chr9	35679192	35679525	0.6101
chr9	35679525	35679858	0.5821
chr9	35679858	35680191	0.4389
chr9	35680191	35680524	0.6127
chr9	35680525	35680858	0.6215
chr9	35680858	35681192	0.8335
chr9	35681192	35681526	0.8263
chr9	35681526	35681859	0.7931
chr9	35681859	35682192	0.3944
chr9	35682192	35682525	0.6969
chr9	35682525	35682858	0.8249
chr9	35682858	35683191	0.6584
chr9	35683191	35683524	0.8254
chr9	35683525	35683858	0.2263
chr9	35683858	35684192	0.0613
chr9	35684192	35684526	0.2682
chr9	35684526	35684859	0.2926
chr9	35684859	35685192	0.3039
chr9	35685192	35685525	0.3233
chr9	35685525	35685858	0.2929
chr9	35685858	35686191	0.2562
chr9	35686191	35686524	0.3071
chr9	35686525	35686858	0.8605
chr9	35686858	35687192	0.7639
chr9	35687192	35687526	0.9434
chr9	35687526	35687859	0.9464
chr9	35687859	35688192	0.6851
chr9	35688192	35688525	0.9131
chr9	35688525	35688858	0.9261
chr9	35688858	35689191	0.984
chr9	35689191	35689524	0.4866
chr9	35689525	35689858	0.2198
chr9	35689858	35690192	0.0308
chr9	35690192	35690526	0.07
chr9	35690526	35690859	0.0275
chr9	35690859	35691192	0.072
chr9	35691192	35691525	0.4251
chr9	35691525	35691858	0.5028
chr9	35691858	35692191	0.4634
chr9	35692191	35692524	0.2147
chr9	35692525	35692858	0.472
chr9	35692858	35693192	0.5287
chr9	35693192	35693526	0.4082
chr9	35693526	35693860	0.3061
chr9	35693860	35694194	0.414
chr9	35694194	35694528	0.5426
chr9	35694528	35694862	0.6601
chr9	35694862	35695195	0.7302
chr9	35695195	35695528	0.8026
chr9	35695529	35695856	0.0845
chr9	35695856	35696184	0.0555
chr9	35696184	35696512	0.0846
chr9	35696512	35696839	0.082
chr9	35696839	35697166	0.0801
chr11	67577032	67577365	0.8487
chr11	67577365	67577699	0.6162
chr11	67577699	67578033	0.7757
chr11	67578033	67578366	0.8028
chr11	67578366	67578699	0.9067
chr11	67578699	67579032	0.7615
chr11	67579032	67579365	0.8762
chr11	67579365	67579698	0.6767
chr11	67579698	67580031	0.9177
chr11	67580032	67580365	0.7338
chr11	67580365	67580699	0.9947
chr11	67580699	67581033	0.993
chr11	67581033	67581367	0.7482
chr11	67581367	67581701	0.9335
chr11	67581701	67582035	0.7307
chr11	67582035	67582369	0.7322
chr11	67582369	67582702	0.9935
chr11	67582702	67583035	0.6784
chr11	67583036	67583369	0.3068
chr11	67583369	67583703	0.0446
chr11	67583703	67584037	0.0086
chr11	67584037	67584370	0.1034
chr11	67584370	67584703	0.2328
chr11	67584703	67585036	0.7788
chr11	67585036	67585369	0.385
chr11	67585369	67585702	0.4714
chr11	67585702	67586035	0.5928
chr11	67586036	67586369	0.3651
chr11	67586369	67586703	0.2128
chr11	67586703	67587037	0.4987
chr11	67587370	67587703	0.7454
chr11	67587703	67588036	0.1608
chr11	67588036	67588369	0.8078
chr11	67588369	67588702	0.8104
chr11	67588702	67589035	0.2166
chr11	67589036	67589369	0.5013
chr11	67589369	67589703	0.4486
chr11	67589703	67590037	0.4428
chr11	67590037	67590371	0.4816
chr11	67590371	67590705	0.6516
chr11	67590705	67591039	0.5827
chr11	67591039	67591373	0.6119
chr11	67591373	67591706	0.4536
chr11	67591706	67592039	0.45
chr11	67592040	67592355	0.9389
chr11	67592355	67592671	0.3224
chr11	67592671	67592987	0.9124
chr11	67592987	67593302	0.672
chr11	67593302	67593617	0.3144
chr11	67593617	67593932	0.695
chr11	67593932	67594247	0.8916
chr12	25237978	25238311	0.3483
chr12	25238311	25238645	0.3642
chr12	25238979	25239312	0.3921
chr12	25239312	25239645	0.2819
chr12	25239645	25239978	0.3401
chr12	25239978	25240311	0.258
chr12	25240311	25240644	0.3491
chr12	25240978	25241311	0.1906
chr12	25241311	25241645	0.1022
chr12	25241645	25241979	0.0818
chr12	25241979	25242312	0.0536
chr12	25242312	25242645	0.0745
chr12	25242645	25242978	0.0944
chr12	25242978	25243311	0.0901
chr12	25243311	25243644	0.4175
chr12	25243978	25244311	0.4152
chr12	25244311	25244645	0.2269
chr12	25244645	25244979	0.2636
chr12	25244979	25245312	0.2133
chr12	25245312	25245645	0.5445
chr12	25245645	25245978	0.5007
chr12	25245978	25246311	0.2173
chr12	25246311	25246644	0.0728
chr12	25246644	25246977	0.2896
chr12	25247310	25247643	0.0421
chr12	25247976	25248309	0.3626
chr12	25248309	25248642	0.212
chr12	25248642	25248975	0.6917
chr12	25248975	25249308	0.1192
chr12	25249308	25249641	0.1461
chr12	25249641	25249974	0.6443
chr12	25249975	25250308	0.3805
chr12	25250308	25250642	0.0079
chr12	25250642	25250976	0.0003
chr12	25250976	25251309	0.0008
chr12	25251309	25251642	0.0274
chr12	25251642	25251975	0.665
chr12	25251975	25252308	0.555
chr12	25252308	25252641	0.3555
chr12	25252641	25252974	0.4102
chr12	25252975	25253323	0.7762
chr12	25253323	25253672	0.768
chr12	25253672	25254021	0.8268
chr12	25254021	25254370	0.9271
chr16	67952369	67952702	0.1842
chr16	67952702	67953036	0.3627
chr16	67953036	67953370	0.3057
chr16	67953370	67953703	0.3888
chr16	67953703	67954036	0.4321
chr16	67954036	67954369	0.1714
chr16	67954369	67954702	0.3783
chr16	67954702	67955035	0.1708
chr16	67955035	67955368	0.3768
chr16	67955369	67955702	0.2889
chr16	67955702	67956036	0.2098
chr16	67956036	67956370	0.1759
chr16	67956370	67956703	0.4294
chr16	67956703	67957036	0.474
chr16	67957036	67957369	0.0696
chr16	67957369	67957702	0.1668
chr16	67957702	67958035	0.3153
chr16	67958035	67958368	0.4723
chr16	67958369	67958702	0.3264
chr16	67958702	67959036	0.046
chr16	67959036	67959370	0.4128
chr16	67959370	67959703	0.2274
chr16	67959703	67960036	0.3287
chr16	67960036	67960369	0.5407
chr16	67960369	67960702	0.219
chr16	67960702	67961035	0.3902
chr16	67961035	67961368	0.5824
chr16	67961369	67961702	0.5134
chr16	67961702	67962036	0.6046
chr16	67962036	67962370	0.6788
chr16	67962370	67962703	0.6815
chr16	67962703	67963036	0.7073
chr16	67963036	67963369	0.7325
chr16	67963369	67963702	0.9998
chr16	67963702	67964035	0.249
chr16	67964035	67964368	0.2742
chr16	67964369	67964702	0.4398
chr16	67964702	67965036	0.9414
chr16	67965036	67965370	0.538
chr16	67965370	67965703	0.9868
chr16	67965703	67966036	0.7632
chr16	67966036	67966369	0.7498
chr16	67966369	67966702	0.9756
chr16	67966702	67967035	0.9479
chr16	67967035	67967368	0.6245
chr16	67967369	67967702	0.3836
chr16	67967702	67968036	0.4634
chr16	67968036	67968370	0.0509
chr16	67968370	67968703	0.0036
chr16	67968703	67969036	0.127
chr16	67969036	67969369	0.4136
chr16	67969369	67969702	0.2141
chr16	67969702	67970035	0.2714
chr16	67970035	67970368	0.483
chr16	67970369	67970702	0.5856
chr16	67970702	67971036	0.5551
chr16	67971036	67971370	0.5331
chr16	67971370	67971703	0.3065
chr16	67971703	67972036	0.6259
chr16	67972036	67972369	0.5497
chr16	67972369	67972702	0.4746
chr16	67972702	67973035	0.4812
chr16	67973035	67973368	0.3732
chr16	67973369	67973702	0.4985
chr16	67973702	67974036	0.9598
chr16	67974036	67974370	0.7342
chr16	67974370	67974703	0.856
chr16	67974703	67975036	0.966
chr16	67975036	67975369	0.6383
chr16	67975369	67975702	0.8913
chr16	67975702	67976035	0.7584
chr16	67976035	67976368	0.7657
chr17	7666465	7666797	0.5239
chr17	7666797	7667130	0.5498
chr17	7667130	7667463	0.6116
chr17	7667463	7667796	0.5948
chr17	7667796	7668129	0.5563
chr17	7668129	7668462	0.5345
chr17	7668462	7668795	0.5401
chr17	7668795	7669128	0.5735
chr17	7669128	7669461	0.6032
chr17	7669462	7669795	0.4589
chr17	7669795	7670129	0.2081
chr17	7670129	7670463	0.2591
chr17	7670463	7670796	0.0508
chr17	7670796	7671129	0.3881
chr17	7671129	7671462	0.2049
chr17	7671462	7671795	0.1834
chr17	7671795	7672128	0.3228
chr17	7672128	7672461	0.1919
chr17	7672795	7673129	0.4764
chr17	7673129	7673463	0.5352
chr17	7673463	7673796	0.4457
chr17	7673796	7674129	0.443
chr17	7674129	7674462	0.3562
chr17	7674462	7674795	0.3896
chr17	7674795	7675128	0.3139
chr17	7675128	7675461	0.5455
chr17	7675462	7675795	0.4061
chr17	7675795	7676129	0.0901
chr17	7676129	7676463	0.2247
chr17	7676463	7676796	0.1301
chr17	7676796	7677129	0.2573
chr17	7677129	7677462	0.112
chr17	7677462	7677795	0.3766
chr17	7677795	7678128	0.1912
chr17	7678128	7678461	0.3205
chr17	7678462	7678795	0.1387
chr17	7678795	7679129	0.0844
chr17	7679129	7679463	0.1179
chr17	7679463	7679796	0.1442
chr17	7679796	7680129	0.1225
chr17	7680129	7680462	0.1985
chr17	7680462	7680795	0.0796
chr17	7680795	7681128	0.101
chr17	7681128	7681461	0.3124
chr17	7681462	7681794	0.1857
chr17	7681794	7682126	0.1652
chr17	41517522	41517855	0.9739
chr17	41517855	41518189	0.8607
chr17	41518189	41518523	0.662
chr17	41518523	41518856	0.6962
chr17	41518856	41519189	0.8449
chr17	41519189	41519522	0.6952
chr17	41519522	41519855	0.4017
chr17	41519855	41520188	0.7889
chr17	41520188	41520521	0.6169
chr17	41520522	41520855	1.0
chr17	41520855	41521189	0.8861
chr17	41521189	41521523	0.7436
chr17	41521523	41521856	0.7804
chr17	41521856	41522189	0.6356
chr17	41522189	41522522	0.5906
chr17	41522522	41522855	0.9241
chr17	41522855	41523188	0.6743
chr17	41523188	41523521	0.8096
