chr3	49352623	49352956	0.9858
chr3	49352956	49353290	0.9691
chr3	49353290	49353624	0.9165
chr3	49353624	49353957	0.7149
chr3	49353957	49354290	0.7352
chr3	49354290	49354623	0.802
chr3	49354623	49354956	0.8548
chr3	49354956	49355289	0.9325
chr3	49355289	49355622	0.9794
chr3	49355623	49355956	0.8547
chr3	49355956	49356290	0.8821
chr3	49356290	49356624	0.6188
chr3	49356624	49356957	0.829
chr3	49356957	49357290	0.1397
chr3	49357290	49357623	0.0014
chr3	49357623	49357956	0.0
chr3	49357956	49358289	0.0
chr3	49358289	49358622	0.0
chr3	49358623	49358956	0.0376
chr3	49358956	49359290	0.3881
chr3	49359290	49359624	0.897
chr3	49359624	49359957	0.8064
chr3	49359957	49360290	0.8583
chr3	49360290	49360623	0.8374
chr3	49360623	49360956	0.8206
chr3	49360956	49361289	0.9374
chr3	49361289	49361622	0.931
chr3	49361623	49361956	0.9451
chr3	49361956	49362290	0.8832
chr3	49362290	49362624	0.9339
chr3	49362624	49362957	0.9505
chr3	49362957	49363290	0.9083
chr3	49363290	49363623	0.8356
chr3	49363623	49363956	0.8614
chr3	49363956	49364289	0.8393
chr3	49364289	49364622	0.895
chr3	49364623	49364932	0.9599
chr3	49364932	49365242	0.9459
chr3	49365242	49365551	0.9412
chr3	49365551	49365860	0.9458
chr3	49365860	49366169	0.9437
chr5	58382389	58382722	0.9243
chr5	58382722	58383056	0.873
chr5	58383390	58383723	0.9707
chr5	58383723	58384056	0.9152
chr5	58384056	58384389	0.927
chr5	58384389	58384722	0.8941
chr5	58384722	58385055	0.7709
chr5	58385055	58385388	0.9372
chr5	58385389	58385722	0.9642
chr5	58385722	58386056	0.9527
chr5	58386056	58386390	0.8655
chr5	58386390	58386723	0.7544
chr5	58386723	58387056	0.8195
chr5	58387056	58387389	0.8432
chr5	58387389	58387722	0.823
chr5	58387722	58388055	0.7864
chr5	58388055	58388388	0.7517
chr5	58388389	58388722	0.4642
chr5	58388722	58389056	0.5124
chr5	58389056	58389390	0.5161
chr5	58389390	58389723	0.6719
chr5	58389723	58390056	0.6905
chr5	58390056	58390389	0.6741
chr5	58390389	58390722	0.5951
chr5	58390722	58391055	0.6676
chr5	58391055	58391388	0.6864
chr5	58391722	58392056	0.8889
chr5	58392056	58392390	0.7832
chr5	58392390	58392723	0.8614
chr5	58392723	58393056	0.8879
chr5	58393056	58393389	0.8572
chr5	58393722	58394055	0.8557
chr5	58394055	58394388	0.8536
chr7	140775214	140775547	0.9845
chr7	140775547	140775881	0.8235
chr7	140776215	140776548	0.9526
chr7	140776881	140777214	0.9312
chr7	140777214	140777547	0.9521
chr7	140777547	140777880	0.9572
chr7	140778547	140778881	0.9658
chr7	140778881	140779215	0.9723
chr7	140779548	140779881	0.9794
chr7	140779881	140780214	0.9809
chr7	140780214	140780547	0.9722
chr7	140780880	140781213	0.9577
chr7	140781214	140781547	0.9291
chr7	140781547	140781881	0.9671
chr7	140782215	140782548	0.9574
chr7	140782548	140782881	0.9408
chr7	140782881	140783214	0.9558
chr7	140783547	140783880	0.9796
chr7	140784214	140784547	0.8998
chr7	140784547	140784880	0.9238
chr7	140784880	140785213	0.7324
chr7	140785213	140785546	0.7905
chr7	140785546	140785879	0.7913
chr7	140785879	140786212	0.9207
chr7	140786545	140786878	0.999
chr7	140786878	140787211	0.8446
chr7	154593967	154594300	0.0437
chr7	154594300	154594634	0.0083
chr7	154594634	154594968	0.0286
chr7	154594968	154595301	0.0899
chr7	154595301	154595634	0.0791
chr7	154595634	154595967	0.0635
chr7	154595967	154596300	0.0666
chr7	154596300	154596633	0.028
chr7	154596633	154596966	0.0565
chr7	154597300	154597634	0.1917
chr7	154597634	154597968	0.1599
chr7	154597968	154598301	0.2494
chr7	154598301	154598634	0.3106
chr7	154598634	154598967	0.3359
chr7	154598967	154599300	0.2482
chr7	154599300	154599633	0.2069
chr7	154599633	154599966	0.2266
chr7	154599967	154600300	0.1366
chr7	154600300	154600634	0.1752
chr7	154600634	154600968	0.2568
chr7	154600968	154601301	0.3493
chr7	154601301	154601634	0.4378
chr7	154601634	154601967	0.6778
chr7	154601967	154602300	0.437
chr7	154602300	154602633	0.3175
chr7	154602633	154602966	0.3218
chr7	154602967	154603300	0.168
chr7	154603300	154603634	0.0867
chr7	154603634	154603968	0.1337
chr7	154603968	154604301	0.1424
chr7	154604634	154604967	0.1477
chr7	154604967	154605300	0.2322
chr7	154605300	154605633	0.247
chr7	154605633	154605966	0.2339
chr7	154606300	154606634	0.1398
chr7	154606634	154606968	0.384
chr7	154606968	154607301	0.5706
chr7	154607301	154607634	0.6409
chr7	154607634	154607967	0.5127
chr7	154607967	154608300	0.2578
chr7	154608300	154608633	0.3056
chr7	154608633	154608966	0.3444
chr7	154608967	154609300	0.256
chr7	154609300	154609634	0.3793
chr7	154609634	154609968	0.3137
chr7	154609968	154610301	0.318
chr7	154610301	154610634	0.3211
chr7	154610634	154610967	0.3019
chr7	154610967	154611300	0.1908
chr7	154611300	154611633	0.202
chr7	154611967	154612302	0.5185
chr7	154612302	154612638	0.5088
chr7	154612638	154612973	0.5042
chr7	154612973	154613308	0.476
chr7	154613308	154613643	0.2547
chr7	154613643	154613978	0.2231
chr9	35677525	35677858	0.8425
chr9	35677858	35678192	0.7537
chr9	35678192	35678526	0.8
chr9	35678526	35678859	0.8991
chr9	35678859	35679192	0.8905
chr9	35679192	35679525	0.8666
chr9	35679525	35679858	0.8527
chr9	35679858	35680191	0.776
chr9	35680191	35680524	0.8672
chr9	35680525	35680858	0.7396
chr9	35680858	35681192	0.7266
chr9	35681192	35681526	0.7057
chr9	35681526	35681859	0.6875
chr9	35681859	35682192	0.7069
chr9	35682192	35682525	0.7135
chr9	35682525	35682858	0.7267
chr9	35682858	35683191	0.7146
chr9	35683191	35683524	0.7083
chr9	35683525	35683858	0.9712
chr9	35683858	35684192	0.986
chr9	35684192	35684526	0.9638
chr9	35684526	35684859	0.9576
chr9	35684859	35685192	0.9513
chr9	35685192	35685525	0.9395
chr9	35685525	35685858	0.9419
chr9	35685858	35686191	0.9543
chr9	35686191	35686524	0.9595
chr9	35686525	35686858	0.6086
chr9	35686858	35687192	0.6617
chr9	35687192	35687526	0.642
chr9	35687526	35687859	0.6494
chr9	35687859	35688192	0.7289
chr9	35688192	35688525	0.6888
chr9	35688525	35688858	0.6766
chr9	35688858	35689191	0.5585
chr9	35689191	35689524	0.2128
chr9	35689525	35689858	0.1053
chr9	35689858	35690192	0.0043
chr9	35690192	35690526	0.0092
chr9	35690526	35690859	0.0041
chr9	35690859	35691192	0.0182
chr9	35691192	35691525	0.4622
chr9	35691525	35691858	0.8319
chr9	35691858	35692191	0.8928
chr9	35692191	35692524	0.9522
chr9	35692525	35692858	0.8984
chr9	35692858	35693192	0.7812
chr9	35693192	35693526	0.8491
chr9	35693526	35693860	0.9165
chr9	35693860	35694194	0.8944
chr9	35694194	35694528	0.8159
chr9	35694528	35694862	0.7732
chr9	35694862	35695195	0.8363
chr9	35695195	35695528	0.7699
chr9	35695529	35695856	1.0
chr9	35695856	35696184	1.0
chr9	35696184	35696512	1.0
chr9	35696512	35696839	1.0
chr9	35696839	35697166	1.0
chr11	67577032	67577365	0.7095
chr11	67577365	67577699	0.8683
chr11	67577699	67578033	0.806
chr11	67578033	67578366	0.6739
chr11	67578366	67578699	0.6577
chr11	67578699	67579032	0.7411
chr11	67579032	67579365	0.6987
chr11	67579365	67579698	0.6789
chr11	67579698	67580031	0.629
chr11	67580032	67580365	0.5863
chr11	67580365	67580699	0.5343
chr11	67580699	67581033	0.5335
chr11	67581033	67581367	0.5684
chr11	67581367	67581701	0.6022
chr11	67581701	67582035	0.6453
chr11	67582035	67582369	0.5935
chr11	67582369	67582702	0.5559
chr11	67582702	67583035	0.6693
chr11	67583036	67583369	0.2722
chr11	67583369	67583703	0.0182
chr11	67583703	67584037	0.0049
chr11	67584037	67584370	0.0669
chr11	67584370	67584703	0.2273
chr11	67584703	67585036	0.4954
chr11	67585036	67585369	0.6039
chr11	67585369	67585702	0.6652
chr11	67585702	67586035	0.6885
chr11	67586036	67586369	0.9233
chr11	67586369	67586703	0.9644
chr11	67586703	67587037	0.908
chr11	67587370	67587703	0.87
chr11	67587703	67588036	0.977
chr11	67588036	67588369	0.8269
chr11	67588369	67588702	0.8301
chr11	67588702	67589035	0.958
chr11	67589036	67589369	0.9286
chr11	67589369	67589703	0.9446
chr11	67589703	67590037	0.9434
chr11	67590037	67590371	0.9358
chr11	67590371	67590705	0.8468
chr11	67590705	67591039	0.8805
chr11	67591039	67591373	0.8785
chr11	67591373	67591706	0.9357
chr11	67591706	67592039	0.9399
chr11	67592040	67592355	0.7637
chr11	67592355	67592671	0.8652
chr11	67592671	67592987	0.7986
chr11	67592987	67593302	0.8173
chr11	67593302	67593617	0.8435
chr11	67593617	67593932	0.7334
chr11	67593932	67594247	0.4893
chr12	25237978	25238311	0.901
chr12	25238311	25238645	0.9007
chr12	25238979	25239312	0.8713
chr12	25239312	25239645	0.9364
chr12	25239645	25239978	0.9637
chr12	25239978	25240311	0.9453
chr12	25240311	25240644	0.9085
chr12	25240978	25241311	0.9663
chr12	25241311	25241645	0.9855
chr12	25241645	25241979	0.989
chr12	25241979	25242312	0.9934
chr12	25242312	25242645	0.9901
chr12	25242645	25242978	0.9869
chr12	25242978	25243311	0.9876
chr12	25243311	25243644	0.8625
chr12	25243978	25244311	0.9026
chr12	25244311	25244645	0.9591
chr12	25244645	25244979	0.95
chr12	25244979	25245312	0.9624
chr12	25245312	25245645	0.6364
chr12	25245645	25245978	0.5001
chr12	25245978	25246311	0.8224
chr12	25246311	25246644	0.9889
chr12	25246644	25246977	0.7618
chr12	25247310	25247643	0.9921
chr12	25247976	25248309	0.8807
chr12	25248309	25248642	0.9188
chr12	25248642	25248975	0.7839
chr12	25248975	25249308	0.9747
chr12	25249308	25249641	0.9656
chr12	25249641	25249974	0.6682
chr12	25249975	25250308	0.0671
chr12	25250308	25250642	0.0
chr12	25250642	25250976	0.0
chr12	25250976	25251309	0.0
chr12	25251309	25251642	0.0002
chr12	25251642	25251975	0.259
chr12	25251975	25252308	0.9037
chr12	25252308	25252641	0.966
chr12	25252641	25252974	0.9042
chr12	25252975	25253323	0.7991
chr12	25253323	25253672	0.8024
chr12	25253672	25254021	0.762
chr12	25254021	25254370	0.6681
chr16	67952369	67952702	0.9673
chr16	67952702	67953036	0.9336
chr16	67953036	67953370	0.9366
chr16	67953370	67953703	0.9088
chr16	67953703	67954036	0.8964
chr16	67954036	67954369	0.9598
chr16	67954369	67954702	0.9138
chr16	67954702	67955035	0.9614
chr16	67955035	67955368	0.9155
chr16	67955369	67955702	0.9475
chr16	67955702	67956036	0.9607
chr16	67956036	67956370	0.9641
chr16	67956370	67956703	0.9263
chr16	67956703	67957036	0.9331
chr16	67957036	67957369	0.9744
chr16	67957369	67957702	0.9756
chr16	67957702	67958035	0.9425
chr16	67958035	67958368	0.9105
chr16	67958369	67958702	0.9774
chr16	67958702	67959036	0.9958
chr16	67959036	67959370	0.9616
chr16	67959370	67959703	0.9789
chr16	67959703	67960036	0.9682
chr16	67960036	67960369	0.9445
chr16	67960369	67960702	0.9802
chr16	67960702	67961035	0.9671
chr16	67961035	67961368	0.9445
chr16	67961369	67961702	0.5827
chr16	67961702	67962036	0.5844
chr16	67962036	67962370	0.5643
chr16	67962370	67962703	0.5655
chr16	67962703	67963036	0.5579
chr16	67963036	67963369	0.5123
chr16	67963369	67963702	0.5212
chr16	67963702	67964035	0.8619
chr16	67964035	67964368	0.8381
chr16	67964369	67964702	0.8179
chr16	67964702	67965036	0.6249
chr16	67965036	67965370	0.5892
chr16	67965370	67965703	0.5439
chr16	67965703	67966036	0.6241
chr16	67966036	67966369	0.6417
chr16	67966369	67966702	0.5748
chr16	67966702	67967035	0.5656
chr16	67967035	67967368	0.6937
chr16	67967369	67967702	0.8005
chr16	67967702	67968036	0.3815
chr16	67968036	67968370	0.0188
chr16	67968370	67968703	0.0006
chr16	67968703	67969036	0.0597
chr16	67969036	67969369	0.4194
chr16	67969369	67969702	0.7467
chr16	67969702	67970035	0.7468
chr16	67970035	67970368	0.7584
chr16	67970369	67970702	0.8634
chr16	67970702	67971036	0.8521
chr16	67971036	67971370	0.8681
chr16	67971370	67971703	0.9058
chr16	67971703	67972036	0.8633
chr16	67972036	67972369	0.8592
chr16	67972369	67972702	0.865
chr16	67972702	67973035	0.8658
chr16	67973035	67973368	0.9005
chr16	67973369	67973702	0.794
chr16	67973702	67974036	0.6508
chr16	67974036	67974370	0.738
chr16	67974370	67974703	0.6931
chr16	67974703	67975036	0.6359
chr16	67975036	67975369	0.7636
chr16	67975369	67975702	0.6773
chr16	67975702	67976035	0.6916
chr16	67976035	67976368	0.6931
chr17	7666465	7666797	0.8898
chr17	7666797	7667130	0.9679
chr17	7667130	7667463	0.8385
chr17	7667463	7667796	0.8355
chr17	7667796	7668129	0.9066
chr17	7668129	7668462	0.9337
chr17	7668462	7668795	0.9229
chr17	7668795	7669128	0.8637
chr17	7669128	7669461	0.8336
chr17	7669462	7669795	0.9135
chr17	7669795	7670129	0.9705
chr17	7670129	7670463	0.9605
chr17	7670463	7670796	0.9967
chr17	7670796	7671129	0.9334
chr17	7671129	7671462	0.9724
chr17	7671462	7671795	0.9794
chr17	7671795	7672128	0.9369
chr17	7672128	7672461	0.9747
chr17	7672795	7673129	0.9558
chr17	7673129	7673463	0.9667
chr17	7673463	7673796	0.9519
chr17	7673796	7674129	0.9614
chr17	7674129	7674462	0.9643
chr17	7674462	7674795	0.9726
chr17	7674795	7675128	0.9674
chr17	7675128	7675461	0.9765
chr17	7675462	7675795	0.8755
chr17	7675795	7676129	0.9763
chr17	7676129	7676463	0.9384
chr17	7676463	7676796	0.9675
chr17	7676796	7677129	0.9339
chr17	7677129	7677462	0.9746
chr17	7677462	7677795	0.8922
chr17	7677795	7678128	0.9546
chr17	7678128	7678461	0.9055
chr17	7678462	7678795	0.9761
chr17	7678795	7679129	0.9874
chr17	7679129	7679463	0.9768
chr17	7679463	7679796	0.9687
chr17	7679796	7680129	0.968
chr17	7680129	7680462	0.9522
chr17	7680462	7680795	0.9858
chr17	7680795	7681128	0.9816
chr17	7681128	7681461	0.9455
chr17	7681462	7681794	0.9654
chr17	7681794	7682126	0.9866
chr17	41517522	41517855	0.7457
chr17	41517855	41518189	0.8477
chr17	41518189	41518523	0.5474
chr17	41518523	41518856	0.4705
chr17	41518856	41519189	0.5507
chr17	41519189	41519522	0.508
chr17	41519522	41519855	0.55
chr17	41519855	41520188	0.464
chr17	41520188	41520521	0.8277
chr17	41520522	41520855	0.4086
chr17	41520855	41521189	0.2912
chr17	41521189	41521523	0.2179
chr17	41521523	41521856	0.3544
chr17	41521856	41522189	0.2807
chr17	41522189	41522522	0.2222
chr17	41522522	41522855	0.2948
chr17	41522855	41523188	0.3258
chr17	41523188	41523521	0.2812
chr17	41523522	41523854	0.7678
chr17	41523854	41524187	0.6868
chr17	41524187	41524519	0.7195
chr17	41524519	41524851	0.6784
chr17	41524851	41525183	0.9368
chr17	41525183	41525515	0.865
chr17	41525515	41525847	0.6814
chr17	41525847	41526179	0.824
chr17	41526179	41526511	0.6368
chr17	41526512	41526845	0.8747
chr17	41526845	41527179	0.8813
chr17	41527179	41527513	0.9107
chr17	41527513	41527846	0.9567
chr17	41527846	41528179	0.9794
chr17	41528179	41528512	0.9759
chr17	41528512	41528845	0.8822
chr17	41528845	41529178	0.889
chr17	41529178	41529511	0.8084
chr17	41529512	41529845	0.32
chr17	41529845	41530179	0.4229
chr17	41530179	41530513	0.495
chr17	41530513	41530846	0.6072
chr17	41531179	41531512	0.6669
chr17	41531512	41531845	0.6493
chr17	41532178	41532511	0.497
chr17	41532512	41532845	0.8376
chr17	41532845	41533178	0.8561
chr17	41533178	41533511	0.755
chr17	41533511	41533844	0.7744
chr17	41533844	41534177	0.888
chr17	41534177	41534510	0.9049
chr17	41534510	41534843	0.7551
chr17	41534843	41535176	0.7453
chr17	41535176	41535509	0.7008
