chr3	49352623	49352956	0.9638
chr3	49352956	49353290	0.971
chr3	49353290	49353624	0.9754
chr3	49353624	49353957	0.9221
chr3	49353957	49354290	0.9906
chr3	49354290	49354623	0.9421
chr3	49354623	49354956	0.9835
chr3	49354956	49355289	0.9776
chr3	49355289	49355622	0.9459
chr3	49355623	49355956	0.9261
chr3	49355956	49356290	0.9343
chr3	49356290	49356624	0.8609
chr3	49356624	49356957	0.9288
chr3	49356957	49357290	0.5806
chr3	49357290	49357623	0.04
chr3	49357623	49357956	0.0021
chr3	49357956	49358289	0.0003
chr3	49358289	49358622	0.003
chr3	49358623	49358956	0.0407
chr3	49358956	49359290	0.3834
chr3	49359290	49359624	0.8728
chr3	49359624	49359957	0.7785
chr3	49359957	49360290	0.8297
chr3	49360290	49360623	0.8027
chr3	49360623	49360956	0.7901
chr3	49360956	49361289	0.9177
chr3	49361289	49361622	0.9069
chr3	49361623	49361956	0.9122
chr3	49361956	49362290	0.9652
chr3	49362290	49362624	0.9384
chr3	49362624	49362957	0.8975
chr3	49362957	49363290	0.9516
chr3	49363290	49363623	0.9556
chr3	49363623	49363956	0.9564
chr3	49363956	49364289	0.9491
chr3	49364289	49364622	0.9533
chr3	49364623	49364932	0.8023
chr3	49364932	49365242	0.9419
chr3	49365242	49365551	0.7758
chr3	49365551	49365860	0.9265
chr3	49365860	49366169	0.986
chr5	58391722	58392056	0.6264
chr5	58392056	58392390	0.5295
chr5	58392390	58392723	0.5573
chr5	58392723	58393056	0.5959
chr5	58393056	58393389	0.6321
chr5	58393722	58394055	0.5713
chr5	58394055	58394388	0.547
chr7	140775214	140775547	0.9905
chr7	140775547	140775881	0.8591
chr7	140776215	140776548	0.9994
chr7	140776881	140777214	0.996
chr7	140777214	140777547	0.9987
chr7	140777547	140777880	0.9988
chr7	140778547	140778881	0.9959
chr7	140778881	140779215	0.9967
chr7	140779548	140779881	0.9977
chr7	140779881	140780214	0.9996
chr7	140780214	140780547	0.9972
chr7	140780880	140781213	0.9955
chr7	140781214	140781547	0.9244
chr7	140781547	140781881	0.8367
chr7	140782215	140782548	0.8963
chr7	140782548	140782881	0.9108
chr7	140782881	140783214	0.8997
chr7	140783547	140783880	0.8807
chr7	140784214	140784547	0.9371
chr7	140784547	140784880	0.9782
chr7	140784880	140785213	0.9881
chr7	140785213	140785546	0.9559
chr7	140785546	140785879	0.954
chr7	140785879	140786212	0.8414
chr7	140786545	140786878	0.9987
chr7	140786878	140787211	0.9998
chr7	154593967	154594300	0.004
chr7	154594300	154594634	0.0003
chr7	154594634	154594968	0.0013
chr7	154594968	154595301	0.0063
chr7	154595301	154595634	0.006
chr7	154595634	154595967	0.0048
chr7	154595967	154596300	0.0035
chr7	154596300	154596633	0.0019
chr7	154596633	154596966	0.0042
chr7	154597300	154597634	0.0478
chr7	154597634	154597968	0.0559
chr7	154597968	154598301	0.0779
chr7	154598301	154598634	0.0517
chr7	154598634	154598967	0.0735
chr7	154598967	154599300	0.0442
chr7	154599300	154599633	0.053
chr7	154599633	154599966	0.0725
chr7	154599967	154600300	0.1819
chr7	154600300	154600634	0.2275
chr7	154600634	154600968	0.2712
chr7	154600968	154601301	0.3891
chr7	154601301	154601634	0.4457
chr7	154601634	154601967	0.6855
chr7	154601967	154602300	0.4454
chr7	154602300	154602633	0.348
chr7	154602633	154602966	0.3426
chr7	154602967	154603300	0.0387
chr7	154603300	154603634	0.0386
chr7	154603634	154603968	0.0455
chr7	154603968	154604301	0.1081
chr7	154604634	154604967	0.1539
chr7	154604967	154605300	0.1911
chr7	154605300	154605633	0.2258
chr7	154605633	154605966	0.2195
chr7	154606300	154606634	0.0815
chr7	154606634	154606968	0.2792
chr7	154606968	154607301	0.3506
chr7	154607301	154607634	0.4117
chr7	154607634	154607967	0.4137
chr7	154607967	154608300	0.1306
chr7	154608300	154608633	0.1785
chr7	154608633	154608966	0.2227
chr7	154608967	154609300	0.1992
chr7	154609300	154609634	0.327
chr7	154609634	154609968	0.2311
chr7	154609968	154610301	0.2383
chr7	154610301	154610634	0.2363
chr7	154610634	154610967	0.2084
chr7	154610967	154611300	0.1115
chr7	154611300	154611633	0.1227
chr7	154611967	154612302	0.2737
chr7	154612302	154612638	0.2045
chr7	154612638	154612973	0.2908
chr7	154612973	154613308	0.3083
chr7	154613308	154613643	0.2099
chr7	154613643	154613978	0.2297
chr9	35677525	35677858	0.7735
chr9	35677858	35678192	0.8941
chr9	35678192	35678526	0.8599
chr9	35678526	35678859	0.8117
chr9	35678859	35679192	0.8512
chr9	35679192	35679525	0.8346
chr9	35679525	35679858	0.8475
chr9	35679858	35680191	0.9099
chr9	35680191	35680524	0.7955
chr9	35680525	35680858	0.8706
chr9	35680858	35681192	0.845
chr9	35681192	35681526	0.8748
chr9	35681526	35681859	0.91
chr9	35681859	35682192	0.9658
chr9	35682192	35682525	0.8947
chr9	35682525	35682858	0.8602
chr9	35682858	35683191	0.9408
chr9	35683191	35683524	0.8744
chr9	35683525	35683858	0.9426
chr9	35683858	35684192	0.9913
chr9	35684192	35684526	0.9452
chr9	35684526	35684859	0.944
chr9	35684859	35685192	0.9477
chr9	35685192	35685525	0.929
chr9	35685525	35685858	0.9454
chr9	35685858	35686191	0.9608
chr9	35686191	35686524	0.9204
chr9	35686525	35686858	0.8114
chr9	35686858	35687192	0.8686
chr9	35687192	35687526	0.7421
chr9	35687526	35687859	0.7034
chr9	35687859	35688192	0.7658
chr9	35688192	35688525	0.6642
chr9	35688525	35688858	0.671
chr9	35688858	35689191	0.7898
chr9	35689191	35689524	0.9336
chr9	35689525	35689858	0.6301
chr9	35689858	35690192	0.5102
chr9	35690192	35690526	0.3805
chr9	35690526	35690859	0.3829
chr9	35690859	35691192	0.5277
chr9	35691192	35691525	0.691
chr9	35691525	35691858	0.6687
chr9	35691858	35692191	0.7137
chr9	35692191	35692524	0.7972
chr9	35692525	35692858	0.904
chr9	35692858	35693192	0.8177
chr9	35693192	35693526	0.8312
chr9	35693526	35693860	0.8622
chr9	35693860	35694194	0.8808
chr9	35694194	35694528	0.8608
chr9	35694528	35694862	0.8777
chr9	35694862	35695195	0.925
chr9	35695195	35695528	0.9153
chr9	35695529	35695856	1.0
chr9	35695856	35696184	1.0
chr9	35696184	35696512	1.0
chr9	35696512	35696839	1.0
chr9	35696839	35697166	1.0
chr11	67577032	67577365	0.6721
chr11	67577365	67577699	0.9244
chr11	67577699	67578033	0.8833
chr11	67578033	67578366	0.5112
chr11	67578366	67578699	0.5539
chr11	67578699	67579032	0.5888
chr11	67579032	67579365	0.6202
chr11	67579365	67579698	0.4637
chr11	67579698	67580031	0.4432
chr11	67580032	67580365	0.146
chr11	67580365	67580699	0.2981
chr11	67580699	67581033	0.2756
chr11	67581033	67581367	0.1695
chr11	67581367	67581701	0.2674
chr11	67581701	67582035	0.1465
chr11	67582035	67582369	0.217
chr11	67582369	67582702	0.299
chr11	67582702	67583035	0.2636
chr11	67583036	67583369	0.3207
chr11	67583369	67583703	0.0124
chr11	67583703	67584037	0.0028
chr11	67584037	67584370	0.0445
chr11	67584370	67584703	0.2991
chr11	67584703	67585036	0.6689
chr11	67585036	67585369	0.9157
chr11	67585369	67585702	0.9107
chr11	67585702	67586035	0.9081
chr11	67586036	67586369	0.9239
chr11	67586369	67586703	0.964
chr11	67586703	67587037	0.8848
chr11	67587370	67587703	0.814
chr11	67587703	67588036	0.9672
chr11	67588036	67588369	0.7831
chr11	67588369	67588702	0.785
chr11	67588702	67589035	0.9574
chr11	67589036	67589369	0.9052
chr11	67589369	67589703	0.8842
chr11	67589703	67590037	0.847
chr11	67590037	67590371	0.9115
chr11	67590371	67590705	0.9243
chr11	67590705	67591039	0.9568
chr11	67591039	67591373	0.9232
chr11	67591373	67591706	0.9059
chr11	67591706	67592039	0.8552
chr11	67592040	67592355	0.5684
chr11	67592355	67592671	0.5874
chr11	67592671	67592987	0.629
chr11	67592987	67593302	0.6143
chr11	67593302	67593617	0.503
chr11	67593617	67593932	0.4341
chr11	67593932	67594247	0.1688
chr12	25237978	25238311	0.9612
chr12	25238311	25238645	0.9325
chr12	25238979	25239312	0.9419
chr12	25239312	25239645	0.9831
chr12	25239645	25239978	0.7713
chr12	25239978	25240311	0.9883
chr12	25240311	25240644	0.9431
chr12	25240978	25241311	0.8921
chr12	25241311	25241645	0.9437
chr12	25241645	25241979	0.9562
chr12	25241979	25242312	0.9731
chr12	25242312	25242645	0.9609
chr12	25242645	25242978	0.9481
chr12	25242978	25243311	0.9525
chr12	25243311	25243644	0.7731
chr12	25243978	25244311	0.9998
chr12	25244311	25244645	0.9999
chr12	25244645	25244979	0.9999
chr12	25244979	25245312	0.9999
chr12	25245312	25245645	0.9771
chr12	25245645	25245978	0.9537
chr12	25245978	25246311	0.9652
chr12	25246311	25246644	0.9998
chr12	25246644	25246977	0.9932
chr12	25247310	25247643	0.999
chr12	25247976	25248309	0.9656
chr12	25248309	25248642	0.9776
chr12	25248642	25248975	0.9231
chr12	25248975	25249308	0.9956
chr12	25249308	25249641	0.9907
chr12	25249641	25249974	0.8344
chr12	25249975	25250308	0.0583
chr12	25250308	25250642	0.0
chr12	25250642	25250976	0.0
chr12	25250976	25251309	0.0
chr12	25251309	25251642	0.0003
chr12	25251642	25251975	0.2196
chr12	25251975	25252308	0.8457
chr12	25252308	25252641	0.9483
chr12	25252641	25252974	0.8965
chr12	25252975	25253323	0.6983
chr12	25253323	25253672	0.695
chr12	25253672	25254021	0.7146
chr12	25254021	25254370	0.7518
chr16	67952369	67952702	0.9863
chr16	67952702	67953036	0.9788
chr16	67953036	67953370	0.9904
chr16	67953370	67953703	0.9949
chr16	67953703	67954036	0.9949
chr16	67954036	67954369	0.997
chr16	67954369	67954702	0.9937
chr16	67954702	67955035	0.9962
chr16	67955035	67955368	0.9933
chr16	67955369	67955702	0.9284
chr16	67955702	67956036	0.9231
chr16	67956036	67956370	0.9018
chr16	67956370	67956703	0.9451
chr16	67956703	67957036	0.966
chr16	67957036	67957369	0.8023
chr16	67957369	67957702	0.8302
chr16	67957702	67958035	0.9404
chr16	67958035	67958368	0.9278
chr16	67958369	67958702	0.8647
chr16	67958702	67959036	0.9795
chr16	67959036	67959370	0.7893
chr16	67959370	67959703	0.8355
chr16	67959703	67960036	0.7347
chr16	67960036	67960369	0.6053
chr16	67960369	67960702	0.7929
chr16	67960702	67961035	0.7936
chr16	67961035	67961368	0.7008
chr16	67961369	67961702	0.876
chr16	67961702	67962036	0.902
chr16	67962036	67962370	0.8955
chr16	67962370	67962703	0.8769
chr16	67962703	67963036	0.8823
chr16	67963036	67963369	0.8536
chr16	67963369	67963702	0.8499
chr16	67963702	67964035	0.9315
chr16	67964035	67964368	0.9473
chr16	67964369	67964702	0.8816
chr16	67964702	67965036	0.7592
chr16	67965036	67965370	0.9297
chr16	67965370	67965703	0.7665
chr16	67965703	67966036	0.8608
chr16	67966036	67966369	0.8798
chr16	67966369	67966702	0.7566
chr16	67966702	67967035	0.7934
chr16	67967035	67967368	0.8851
chr16	67967369	67967702	0.7011
chr16	67967702	67968036	0.3611
chr16	67968036	67968370	0.0243
chr16	67968370	67968703	0.0011
chr16	67968703	67969036	0.0757
chr16	67969036	67969369	0.375
chr16	67969369	67969702	0.581
chr16	67969702	67970035	0.5997
chr16	67970035	67970368	0.656
chr16	67970369	67970702	0.931
chr16	67970702	67971036	0.9365
chr16	67971036	67971370	0.9498
chr16	67971370	67971703	0.9891
chr16	67971703	67972036	0.9142
chr16	67972036	67972369	0.945
chr16	67972369	67972702	0.9745
chr16	67972702	67973035	0.9706
chr16	67973035	67973368	0.9459
chr16	67973369	67973702	0.7466
chr16	67973702	67974036	0.593
chr16	67974036	67974370	0.7086
chr16	67974370	67974703	0.6599
chr16	67974703	67975036	0.5788
chr16	67975036	67975369	0.7333
chr16	67975369	67975702	0.6403
chr16	67975702	67976035	0.6347
chr16	67976035	67976368	0.6535
chr17	7666465	7666797	0.9601
chr17	7666797	7667130	0.9876
chr17	7667130	7667463	0.8652
chr17	7667463	7667796	0.8767
chr17	7667796	7668129	0.9569
chr17	7668129	7668462	0.9767
chr17	7668462	7668795	0.97
chr17	7668795	7669128	0.9164
chr17	7669128	7669461	0.8679
chr17	7669462	7669795	0.8171
chr17	7669795	7670129	0.9614
chr17	7670129	7670463	0.9525
chr17	7670463	7670796	0.9959
chr17	7670796	7671129	0.9078
chr17	7671129	7671462	0.9732
chr17	7671462	7671795	0.9831
chr17	7671795	7672128	0.9138
chr17	7672128	7672461	0.9585
chr17	7672795	7673129	0.9654
chr17	7673129	7673463	0.9429
chr17	7673463	7673796	0.9407
chr17	7673796	7674129	0.9263
chr17	7674129	7674462	0.9435
chr17	7674462	7674795	0.9668
chr17	7674795	7675128	0.9361
chr17	7675128	7675461	0.9709
chr17	7675462	7675795	0.8525
chr17	7675795	7676129	0.9508
chr17	7676129	7676463	0.9267
chr17	7676463	7676796	0.9462
chr17	7676796	7677129	0.923
chr17	7677129	7677462	0.954
chr17	7677462	7677795	0.8627
chr17	7677795	7678128	0.9014
chr17	7678128	7678461	0.9127
chr17	7678462	7678795	0.9688
chr17	7678795	7679129	0.9839
chr17	7679129	7679463	0.9679
chr17	7679463	7679796	0.9537
chr17	7679796	7680129	0.9494
chr17	7680129	7680462	0.9321
chr17	7680462	7680795	0.9803
chr17	7680795	7681128	0.9763
chr17	7681128	7681461	0.9351
chr17	41517522	41517855	0.7328
chr17	41517855	41518189	0.6913
chr17	41518189	41518523	0.8739
chr17	41518523	41518856	0.8865
chr17	41518856	41519189	0.8446
chr17	41519189	41519522	0.8827
chr17	41519522	41519855	0.8708
chr17	41519855	41520188	0.8978
chr17	41520188	41520521	0.7947
chr17	41520522	41520855	0.374
chr17	41520855	41521189	0.314
chr17	41521189	41521523	0.2227
chr17	41521523	41521856	0.2841
chr17	41521856	41522189	0.2667
chr17	41522189	41522522	0.2233
chr17	41522522	41522855	0.3226
chr17	41522855	41523188	0.2098
chr17	41523188	41523521	0.3771
chr17	41523522	41523854	0.3792
chr17	41523854	41524187	0.0545
chr17	41524187	41524519	0.1305
chr17	41524519	41524851	0.4437
chr17	41524851	41525183	0.8802
chr17	41525183	41525515	0.8621
chr17	41525515	41525847	0.601
chr17	41525847	41526179	0.1456
chr17	41526179	41526511	0.0506
chr17	41526512	41526845	0.1314
chr17	41526845	41527179	0.111
chr17	41527179	41527513	0.036
chr17	41527513	41527846	0.0036
chr17	41527846	41528179	0.0008
chr17	41528179	41528512	0.0025
chr17	41528512	41528845	0.0923
chr17	41528845	41529178	0.1839
chr17	41529178	41529511	0.3201
chr17	41529512	41529845	0.1233
chr17	41529845	41530179	0.2747
chr17	41530179	41530513	0.3947
chr17	41530513	41530846	0.6124
chr17	41531179	41531512	0.6782
chr17	41531512	41531845	0.703
chr17	41532178	41532511	0.434
chr17	41532512	41532845	0.8614
chr17	41532845	41533178	0.8706
chr17	41533178	41533511	0.8185
chr17	41533511	41533844	0.821
chr17	41533844	41534177	0.8614
chr17	41534177	41534510	0.8933
chr17	41534510	41534843	0.8525
chr17	41534843	41535176	0.8421
chr17	41535176	41535509	0.8197
