hg38_dna	21027	21027	0.03171613192286893
hg38_dna	21087	21087	0.03229787108822002
hg38_dna	21217	21217	0.032105895021266484
hg38_dna	21417	21417	0.03170151319168468
hg38_dna	21770	21770	0.028584735421226082
hg38_dna	21873	21873	0.028147987297745924
hg38_dna	21949	21949	0.035471149912224664
hg38_dna	21965	21965	0.05305158681912081
hg38_dna	21968	21968	0.053193382743349726
hg38_dna	21987	21987	0.04282226073883022
hg38_dna	21995	21995	0.04131725831311961
hg38_dna	22011	22011	0.032722149333728634
hg38_dna	22114	22114	0.0264226137565986
hg38_dna	22206	22206	0.02556414254708761
hg38_dna	22256	22256	0.0264259581370494
hg38_dna	22297	22297	0.027856574625577668
hg38_dna	22327	22327	0.026847853506880792
hg38_dna	22504	22504	0.029679294549994406
hg38_dna	22548	22548	0.029929305699348152
hg38_dna	22602	22602	0.029815691289466262
hg38_dna	22648	22648	0.028694090225870994
hg38_dna	22690	22690	0.026866007007332993
hg38_dna	22928	22928	0.026943855802267436
hg38_dna	23005	23005	0.032107363553689705
hg38_dna	23017	23017	0.03273655316722923
hg38_dna	23128	23128	0.04297777670353309
hg38_dna	23134	23134	0.04810462431318907
hg38_dna	23142	23142	0.04212702920297495
hg38_dna	23170	23170	0.03300389076513399
hg38_dna	23238	23238	0.031116650937924373
hg38_dna	23323	23323	0.030897198999976894
hg38_dna	23400	23400	0.030144638251394795
hg38_dna	23922	23922	0.023743964555033248
hg38_dna	24023	24023	-0.03374634730366055
hg38_dna	24045	24045	-0.033864646826822
hg38_dna	24137	24137	-0.03319907620118867
hg38_dna	24229	24229	-0.034509456909829206
hg38_dna	24237	24237	-0.0358244469375979
hg38_dna	24245	24245	-0.037189847102896634
hg38_dna	24249	24249	-0.036531191091031756
hg38_dna	24267	24267	-0.03915294277956294
hg38_dna	24269	24269	-0.03901874291839302
hg38_dna	24292	24292	-0.03524792827997936
hg38_dna	24298	24298	-0.03566845647487371
hg38_dna	24309	24309	-0.03414380759449909
hg38_dna	24351	24351	-0.03592619503107919
hg38_dna	24355	24355	-0.03694803465747931
hg38_dna	24363	24363	-0.034649043738689045
hg38_dna	24395	24395	-0.034552444424808204
hg38_dna	24403	24403	-0.03460947316159402
hg38_dna	24430	24430	-0.03416716546322318
hg38_dna	24444	24444	-0.03400659836702835
hg38_dna	24488	24488	-0.03431182275389899
hg38_dna	24498	24498	-0.034161376456782744
hg38_dna	24613	24613	-0.034729258053681544
hg38_dna	24621	24621	-0.03470662156215121
hg38_dna	24773	24773	-0.03434821991674353
hg38_dna	25274	25274	-0.036036392455583544
hg38_dna	25598	25598	-0.03591444541013544
hg38_dna	25867	25867	-0.03615231207962011
hg38_dna	25910	25910	-0.035712786706118216
hg38_dna	26245	26245	-0.033791537004391525
hg38_dna	26383	26383	-0.034800731896425185
hg38_dna	26394	26394	-0.03551405145033337
hg38_dna	26408	26408	-0.035081942446312686
hg38_dna	26428	26428	-0.03542991905699866
hg38_dna	26439	26439	-0.03522095349824772
hg38_dna	26473	26473	-0.03705514637356466
hg38_dna	26477	26477	-0.037609452970863044
hg38_dna	26489	26489	-0.035055972434870464
hg38_dna	26541	26541	-0.03439487992583001
hg38_dna	26565	26565	-0.036329790118122096
hg38_dna	26571	26571	-0.04119956337744024
hg38_dna	26573	26573	-0.03990217060135204
hg38_dna	26606	26606	-0.03436502861531232
hg38_dna	26645	26645	-0.03445135086716
hg38_dna	26670	26670	-0.03693852428311484
hg38_dna	26674	26674	-0.03659982196196099
hg38_dna	26808	26808	-0.03390698893857147
hg38_dna	26988	26988	-0.03129589737427119
hg38_dna	27663	27663	-0.0346108939956109
hg38_dna	27693	27693	-0.041821832602739306
hg38_dna	27703	27703	-0.04151411524474735
hg38_dna	27743	27743	-0.0375944839183735
hg38_dna	27785	27785	-0.06922259888801796
hg38_dna	27787	27787	-0.0707993857392617
hg38_dna	27797	27797	-0.06315080723058086
hg38_dna	27801	27801	-0.05741375104355795
hg38_dna	27860	27860	-0.03954361211703383
hg38_dna	27874	27874	-0.03938510934076889
hg38_dna	27930	27930	-0.05023660358596316
hg38_dna	27934	27934	-0.04958153386483133
hg38_dna	28347	28347	-0.031378127551019874
hg38_dna	28696	28696	-0.03374103012411611
hg38_dna	28730	28730	-0.035278406582952115
hg38_dna	28776	28776	-0.03430207220532533
hg38_dna	28842	28842	-0.0340017698627868
hg38_dna	28903	28903	-0.037937783432529626
hg38_dna	28919	28919	-0.039216305762053816
hg38_dna	28949	28949	-0.035684656885028865
hg38_dna	29041	29041	-0.036182571992078305
hg38_dna	29070	29070	-0.03668162574295675
hg38_dna	29126	29126	-0.035273185224143244
hg38_dna	29209	29209	-0.03500777893572704
hg38_dna	29383	29383	-0.04476457044459292
hg38_dna	29392	29392	-0.04977622673242377
hg38_dna	29404	29404	-0.045020917091820545
hg38_dna	29441	29441	-0.04868423602203342
hg38_dna	29448	29448	-0.0492900367929483
hg38_dna	29473	29473	-0.042255867172541484
hg38_dna	29493	29493	-0.040207146758626244
hg38_dna	29534	29534	-0.037483572444623414
hg38_dna	29619	29619	-0.060066922576838655
hg38_dna	29624	29624	-0.07277504077659569
hg38_dna	29627	29627	-0.06866211422629931
hg38_dna	29657	29657	-0.04206694896196317
hg38_dna	29701	29701	-0.06927242000963485
hg38_dna	29705	29705	-0.08202438226714404
hg38_dna	29707	29707	-0.07939353260945836
hg38_dna	29739	29739	-0.042688106194729514
hg38_dna	29763	29763	-0.04189059375910542
hg38_dna	29780	29780	-0.03987548136842478
hg38_dna	29833	29833	-0.03596948035129488
hg38_dna	29913	29913	-0.03885570251954995
hg38_dna	29929	29929	-0.03966182734373547
hg38_dna	29968	29968	-0.03461909840893429
hg38_dna	30220	30220	0.06577782788528497
hg38_dna	30528	30528	0.04890244380378839
hg38_dna	30597	30597	0.015429524757513136
hg38_dna	30731	30731	0.0326723380253533
hg38_dna	30807	30807	0.031155906646112896
hg38_dna	30832	30832	0.011702830428734323
hg38_dna	30849	30849	0.013408745137972744
hg38_dna	30871	30871	0.01595633260223428
hg38_dna	30910	30910	0.0015928642308740137
hg38_dna	30973	30973	-0.01236478646385164
hg38_dna	31000	31000	-0.012160164007934737
hg38_dna	31043	31043	-0.0011795346893270775
hg38_dna	31045	31045	-0.0014598705499013764
hg38_dna	31308	31308	-0.06182959755057116
hg38_dna	31373	31373	0.003986492271264019
hg38_dna	31422	31422	0.01694635286058288
hg38_dna	31510	31510	0.02982795396860194
hg38_dna	31559	31559	0.0624948480874945
hg38_dna	31647	31647	0.05059273980047596
hg38_dna	31660	31660	0.04701521038264689
hg38_dna	31697	31697	0.06010876109908603
hg38_dna	31746	31746	0.03052830414925456
hg38_dna	31943	31943	0.0020690534017910878
hg38_dna	32216	32216	-0.027106243384246387
hg38_dna	32238	32238	-0.016651813872317067
hg38_dna	32247	32247	-0.02116114464299379
hg38_dna	32302	32302	-0.008606433353887777
hg38_dna	32334	32334	-0.043006615326176334
hg38_dna	32402	32402	-0.0366748640754766
hg38_dna	32420	32420	-0.037744738340526274
hg38_dna	32464	32464	-0.012478887542109351
hg38_dna	32469	32469	-0.013651607250713793
hg38_dna	32524	32524	-0.03315607639241702
hg38_dna	32534	32534	-0.028798234806680423
hg38_dna	32564	32564	-0.040107028873038075
hg38_dna	32631	32631	-0.05547000935710433
hg38_dna	32671	32671	-0.056987604308885276
hg38_dna	32813	32813	-0.020326366894365178
hg38_dna	32818	32818	-0.022645156358845453
hg38_dna	32978	32978	0.01866735749966919
hg38_dna	33081	33081	-0.02762492842632347
hg38_dna	33212	33212	-0.02566816105418601
hg38_dna	33239	33239	-0.024962905625066867
hg38_dna	33311	33311	-0.023501875591228183
hg38_dna	33375	33375	-0.023557397409412095
hg38_dna	33501	33501	-0.022441638394700814
hg38_dna	33514	33514	-0.022343578367165717
hg38_dna	33561	33561	-0.022456539206682224
hg38_dna	33577	33577	-0.0223474183053749
hg38_dna	33605	33605	-0.022335026261257385
hg38_dna	33614	33614	-0.021505594112983584
hg38_dna	33621	33621	-0.02182098980809699
hg38_dna	33635	33635	-0.022516252533939518
hg38_dna	33655	33655	-0.022348096896776193
hg38_dna	33666	33666	-0.022475424640904684
hg38_dna	33696	33696	-0.02269093076712192
hg38_dna	33712	33712	-0.022553485764652104
hg38_dna	33732	33732	-0.023048399522866525
hg38_dna	33756	33756	-0.022813562592175263
hg38_dna	33764	33764	-0.02200180754289449
hg38_dna	33771	33771	-0.02251887611897363
hg38_dna	33787	33787	-0.02273588772384838
hg38_dna	33796	33796	-0.022957465262356536
hg38_dna	33826	33826	-0.02315642747105673
hg38_dna	33834	33834	-0.023254982338951624
hg38_dna	33884	33884	-0.0239952896932083
hg38_dna	33916	33916	-0.024011117512003466
hg38_dna	33974	33974	-0.02423243855223034
hg38_dna	34348	34348	-0.03058469134708175
hg38_dna	34563	34563	-0.031236102549273337
hg38_dna	34899	34899	-0.03026085438716053
hg38_dna	35189	35189	-0.02908523259572182
hg38_dna	35233	35233	-0.02904448598070597
hg38_dna	35360	35360	-0.028967127936922576
hg38_dna	35391	35391	-0.027683474160487664
hg38_dna	35398	35398	-0.027583326557525822
hg38_dna	35421	35421	-0.028073778438448604
hg38_dna	35429	35429	-0.02818843385536396
hg38_dna	35462	35462	-0.028706883667542815
hg38_dna	35932	35932	-0.02679776064942696
hg38_dna	35948	35948	-0.026068729058119855
hg38_dna	35970	35970	-0.026967658590799415
hg38_dna	35995	35995	0.05237057870148787
hg38_dna	36012	36012	0.05294048042880961
hg38_dna	36137	36137	-0.013498970562082713
hg38_dna	36167	36167	-0.009706702848144344
hg38_dna	36202	36202	-0.0072575213355965396
hg38_dna	36224	36224	-0.01867821590008134
hg38_dna	36226	36226	0.01863558409564936
hg38_dna	36234	36234	-0.03779899108867446
hg38_dna	36292	36292	-0.030731399030169415
hg38_dna	36345	36345	-0.08388245377390358
hg38_dna	36393	36393	-0.10962787326988455
hg38_dna	36443	36443	-0.07801129095208914
hg38_dna	36487	36487	-0.08124831521866693
hg38_dna	36534	36534	-0.07358698299967603
hg38_dna	36558	36558	-0.065266803564342
hg38_dna	36588	36588	-0.08776207437859784
hg38_dna	36730	36730	0.043736902504448505
hg38_dna	36792	36792	0.03861854119065944
hg38_dna	36806	36806	0.06806752314224607
hg38_dna	36851	36851	0.08705705297213484
hg38_dna	36945	36945	0.10921136825319966
hg38_dna	36984	36984	0.11276929723517082
hg38_dna	36998	36998	-0.03354135190068952
hg38_dna	37000	37000	0.03776264751929226
hg38_dna	37305	37305	0.15059071893106868
hg38_dna	37412	37412	0.14238111295534805
hg38_dna	37560	37560	0.2583594735999588
hg38_dna	37672	37672	0.10242403025477698
hg38_dna	37679	37679	0.11291927080006081
hg38_dna	37743	37743	0.053097477852372066
hg38_dna	37747	37747	0.03291325119470345
hg38_dna	37808	37808	0.2469353663382492
hg38_dna	37880	37880	0.24772101414896408
hg38_dna	38258	38258	0.2633142857125579
hg38_dna	38597	38597	0.09166174958349371
hg38_dna	38625	38625	0.017515456102043192
hg38_dna	38633	38633	0.040340543274970386
hg38_dna	38664	38664	0.006414731420150588
hg38_dna	38694	38694	0.012942298273182384
hg38_dna	38746	38746	0.009368391082100747
hg38_dna	38758	38758	0.006700770590621019
hg38_dna	38820	38820	0.04031889527302779
hg38_dna	38896	38896	0.043978403104802055
hg38_dna	38957	38957	-0.03665282089698407
hg38_dna	38980	38980	-0.032667496559265485
hg38_dna	39019	39019	-0.058978717679204484
hg38_dna	39055	39055	-0.05942893599067256
hg38_dna	39082	39082	-0.059405185714644704
hg38_dna	39121	39121	-0.059338109423649366
hg38_dna	39140	39140	-0.035969306417330094
hg38_dna	39158	39158	-0.03532182426294406
hg38_dna	39421	39421	0.012778202844796027
hg38_dna	39434	39434	0.012814800701896
hg38_dna	39452	39452	0.0009471310484601148
hg38_dna	39610	39610	0.06014801316860163
hg38_dna	39812	39812	0.07212741110915388
hg38_dna	39906	39906	0.0726842554575744
hg38_dna	39934	39934	0.08433536738391689
hg38_dna	40226	40226	0.11933513658608241
hg38_dna	40307	40307	0.10759166472455917
hg38_dna	40725	40725	0.036440091595031365
hg38_dna	40910	40910	0.02452816146050063
hg38_dna	40983	40983	0.0008023166189961017
hg38_dna	40995	40995	0.0007373138716850747
hg38_dna	41035	41035	0.0007293887681094624
hg38_dna	41055	41055	0.0005581521804298717
hg38_dna	41069	41069	-0.01137288509023815
hg38_dna	41080	41080	-0.011783655728862197
hg38_dna	41098	41098	-0.03541327215490364
hg38_dna	41125	41125	-0.04711802365830309
hg38_dna	41322	41322	-0.05893561227382382
hg38_dna	41398	41398	-0.09095730848105932
hg38_dna	41400	41400	-0.0911606647021681
hg38_dna	41438	41438	-0.07157705045293872
hg38_dna	41462	41462	-0.07116005434087036
hg38_dna	41560	41560	-0.03517969961729994
hg38_dna	41582	41582	-0.011728729489337342
hg38_dna	41592	41592	-0.011398997057618487
hg38_dna	41622	41622	0.0006416592703675228
hg38_dna	41785	41785	0.0007306827897521906
hg38_dna	41800	41800	0.0007323699786363491
hg38_dna	41861	41861	0.0007437288602147873
hg38_dna	41868	41868	0.0007413127220985416
hg38_dna	42024	42024	-0.01134266628839109
hg38_dna	42131	42131	-0.009938785863549793
hg38_dna	42319	42319	-0.011350289642556799
hg38_dna	42454	42454	-0.011831907566639766
hg38_dna	42571	42571	-0.01373947963927069
hg38_dna	42634	42634	-0.014284834117731515
hg38_dna	42659	42659	-0.01431596334367602
hg38_dna	42694	42694	-0.014529967333723803
hg38_dna	42702	42702	-0.015575370481912598
hg38_dna	42704	42704	-0.015329162514672978
hg38_dna	42852	42852	-0.015671612840115756
hg38_dna	42884	42884	-0.016196193289030658
hg38_dna	42924	42924	-0.018051389056910505
hg38_dna	42978	42978	-0.018084770860427257
hg38_dna	43010	43010	-0.019684879383234488
hg38_dna	43023	43023	-0.02024131143027219
hg38_dna	43041	43041	-0.02060324361317778
hg38_dna	43068	43068	-0.022510869443409964
hg38_dna	43073	43073	-0.02202347477035005
hg38_dna	43111	43111	-0.021349268413752176
hg38_dna	43258	43258	-0.019502271020849893
hg38_dna	43282	43282	-0.019672531230534807
hg38_dna	43298	43298	-0.01965622680338841
hg38_dna	43327	43327	-0.020530615008371278
hg38_dna	43352	43352	-0.02052595155206194
hg38_dna	43383	43383	-0.020087401458213083
hg38_dna	43403	43403	-0.02034374702126418
hg38_dna	43407	43407	-0.02167952915270477
hg38_dna	43409	43409	-0.02103352648690815
hg38_dna	43448	43448	-0.019061516531600597
hg38_dna	43479	43479	-0.019188473515401983
hg38_dna	43493	43493	-0.018905760273155492
hg38_dna	43504	43504	-0.019772419929082297
hg38_dna	43509	43509	-0.02013532272503271
hg38_dna	43527	43527	-0.01975321749886194
hg38_dna	43541	43541	-0.02008701380654143
hg38_dna	43547	43547	-0.01984155651770725
hg38_dna	43554	43554	-0.019814960275832627
hg38_dna	43693	43693	-0.01987390028731517
hg38_dna	43806	43806	-0.021641570246428987
hg38_dna	43815	43815	-0.021629612932867914
hg38_dna	43999	43999	-0.018329791492194714
hg38_dna	44007	44007	-0.01923660067756905
hg38_dna	44009	44009	-0.01915749225171659
hg38_dna	44019	44019	-0.017368037520343993
hg38_dna	44052	44052	-0.01575575614061675
hg38_dna	44077	44077	-0.015324179734349297
hg38_dna	44097	44097	-0.015283805968884012
hg38_dna	44141	44141	-0.016423617617256747
hg38_dna	44149	44149	-0.016420499466004657
hg38_dna	44197	44197	-0.015708477192592607
hg38_dna	44229	44229	-0.015966427406934658
hg38_dna	44237	44237	-0.016003118484398282
hg38_dna	44259	44259	-0.016007759909077324
hg38_dna	44267	44267	-0.016200184853841115
hg38_dna	44275	44275	-0.015912902972686327
hg38_dna	44396	44396	-0.015649690784752313
hg38_dna	44442	44442	-0.01564022853576419
hg38_dna	44621	44621	-0.012903160925774149
hg38_dna	44635	44635	-0.012897564332810418
hg38_dna	44819	44819	-0.009567731029173299
hg38_dna	44832	44832	-0.009556657141298164
hg38_dna	45055	45055	-0.023581311628235957
hg38_dna	45188	45188	-0.019187071369270337
hg38_dna	45392	45392	-0.010481451258192997
hg38_dna	45526	45526	-0.03116477845544119
hg38_dna	45561	45561	-0.031119636665297268
hg38_dna	45933	45933	-0.04359239737009846
hg38_dna	45967	45967	-0.042469764337865534
hg38_dna	46006	46006	-0.03803860185116115
hg38_dna	46014	46014	-0.03381770637777137
hg38_dna	46023	46023	-0.03349093649790835
hg38_dna	46030	46030	-0.033557224441779
hg38_dna	46086	46086	-0.03208339442354857
hg38_dna	46094	46094	-0.02103721683005877
hg38_dna	46098	46098	-0.027313981669137677
hg38_dna	46232	46232	-0.04017379601647608
hg38_dna	46337	46337	-0.04471663812979898
hg38_dna	46664	46664	-0.010607885232425174
hg38_dna	46794	46794	-0.010720733380021219
hg38_dna	47152	47152	-0.014905651501270656
hg38_dna	47276	47276	-0.023230059595958474
hg38_dna	47441	47441	-0.053088795272347555
hg38_dna	47579	47579	-0.061414462000122905
hg38_dna	47729	47729	-0.06061271550843483
hg38_dna	47735	47735	-0.05871301972618781
hg38_dna	47773	47773	-0.065500627468565
hg38_dna	47778	47778	-0.052345815366570125
hg38_dna	47789	47789	-0.07170671325267164
hg38_dna	47872	47872	-0.09269021040193604
hg38_dna	47880	47880	-0.06304558862041598
hg38_dna	47884	47884	-0.06924054963492399
hg38_dna	47896	47896	-0.09804303245100332
hg38_dna	47928	47928	-0.09342159868088795
hg38_dna	47936	47936	-0.09765068789565334
hg38_dna	47998	47998	-0.061689744300679195
hg38_dna	48006	48006	-0.061551337771175385
hg38_dna	48113	48113	-0.05797038422229428
hg38_dna	48119	48119	-0.05775745226827911
hg38_dna	48166	48166	-0.065655499111539
hg38_dna	48189	48189	-0.06879152831350743
hg38_dna	48249	48249	-0.06232253145410538
hg38_dna	48253	48253	-0.062361842682030044
hg38_dna	48307	48307	-0.05376845516667239
hg38_dna	48311	48311	-0.05282110556348685
hg38_dna	48324	48324	-0.0609294385223349
hg38_dna	48333	48333	-0.060029021476580846
hg38_dna	48341	48341	-0.059689528074730935
hg38_dna	48349	48349	-0.0644226758734725
hg38_dna	48388	48388	-0.05935355691322597
hg38_dna	48405	48405	-0.05620199156757355
hg38_dna	48436	48436	-0.05703324839987567
hg38_dna	48629	48629	-0.03967530110826045
hg38_dna	48631	48631	-0.039424744112453114
hg38_dna	48671	48671	-0.04760045783594147
hg38_dna	48693	48693	-0.044687232557085066
hg38_dna	48814	48814	-0.031318319320274846
hg38_dna	48819	48819	-0.031196035035899516
hg38_dna	48847	48847	-0.023237844460892276
hg38_dna	48863	48863	-0.02033740089337077
hg38_dna	48917	48917	-0.014462279322735805
hg38_dna	48954	48954	-0.011456689326280856
hg38_dna	49145	49145	-0.00836441287751355
hg38_dna	49163	49163	-0.008380019965510188
hg38_dna	49516	49516	0.0007132451949480867
hg38_dna	49835	49835	0.0036781250332222903
hg38_dna	49844	49844	0.0035406512276989766
hg38_dna	49851	49851	0.0036610956081815083
hg38_dna	49899	49899	-0.0023724008637047156
hg38_dna	50012	50012	-0.0023598189767966016
hg38_dna	50040	50040	0.0007328132757637995
hg38_dna	50366	50366	-0.002286116447409281
hg38_dna	50374	50374	-0.0022865491083712275
hg38_dna	50556	50556	0.0007190476191079043
hg38_dna	50658	50658	-0.002350896504897282
hg38_dna	50797	50797	-0.005356212802564597
hg38_dna	50817	50817	-0.005349798812778417
hg38_dna	50873	50873	-0.0023570007724862396
hg38_dna	50881	50881	0.0007826205418921539
hg38_dna	51070	51070	-0.11531947424174871
hg38_dna	51242	51242	-0.06306319568534646
hg38_dna	51589	51589	-0.06012732199653925
hg38_dna	51605	51605	-0.05772542507871625
hg38_dna	51629	51629	-0.06090037332627074
hg38_dna	51723	51723	-0.0629204481373129
hg38_dna	51866	51866	-0.04904349742715075
hg38_dna	51870	51870	-0.04879290019666849
hg38_dna	51965	51965	-0.06244331358258015
hg38_dna	52028	52028	-0.06178902119710705
hg38_dna	52080	52080	-0.0621330628460961
hg38_dna	52287	52287	-0.13236127153681254
hg38_dna	53008	53008	-0.13161177076924568
hg38_dna	53095	53095	-0.09624943114468021
hg38_dna	53169	53169	-0.06232062335167421
hg38_dna	53357	53357	-0.06299934269505969
hg38_dna	53437	53437	-0.04582501447060072
hg38_dna	53491	53491	0.005253603763162307
hg38_dna	53557	53557	0.08940072975843982
hg38_dna	53584	53584	0.08604001607310519
hg38_dna	53604	53604	0.06834293136068403
hg38_dna	53629	53629	0.07229895999900782
hg38_dna	53896	53896	0.09112312970095449
hg38_dna	53949	53949	0.06524336333046632
hg38_dna	53958	53958	0.07437775145414394
hg38_dna	53966	53966	0.08277576431218403
hg38_dna	53990	53990	0.08127051898702797
hg38_dna	54018	54018	0.058012581724510515
hg38_dna	54030	54030	0.051265862165804865
hg38_dna	54034	54034	0.044270909330551333
hg38_dna	54038	54038	0.051411894002299174
hg38_dna	54051	54051	0.06016363803989577
hg38_dna	54157	54157	-0.017428833532450394
hg38_dna	54190	54190	-0.016990525828682435
hg38_dna	54331	54331	-0.017244438004225593
hg38_dna	54455	54455	-0.016385492300614146
hg38_dna	54480	54480	-0.03684642449434028
hg38_dna	54890	54890	-0.09651584520543088
hg38_dna	54941	54941	-0.05453708440145544
hg38_dna	54969	54969	-0.07500977505053075
hg38_dna	55012	55012	-0.07563211652246893
hg38_dna	55064	55064	-0.05209538274227432
hg38_dna	55072	55072	-0.0524122813307597
hg38_dna	55109	55109	-0.035891013306685426
hg38_dna	55126	55126	-0.016139460072852163
hg38_dna	55310	55310	0.0227032455142826
hg38_dna	55399	55399	0.002427213541672746
hg38_dna	55439	55439	0.0029452216606848935
hg38_dna	55503	55503	-0.03599169073817565
hg38_dna	55527	55527	-0.05519963790992799
hg38_dna	55575	55575	-0.09545675934292808
hg38_dna	55623	55623	-0.08129943220516855
hg38_dna	55625	55625	-0.0805767645091473
hg38_dna	55672	55672	-0.1356217723025761
hg38_dna	56315	56315	-0.07649635877720651
hg38_dna	56356	56356	-0.04743755559404961
hg38_dna	56360	56360	-0.048376496381363765
hg38_dna	56420	56420	-0.03412744304940407
hg38_dna	56428	56428	-0.03302444573569718
hg38_dna	56443	56443	-0.03539464278003601
hg38_dna	56480	56480	-0.034729719797473635
hg38_dna	56490	56490	-0.031264146617973054
hg38_dna	56496	56496	-0.0337314816605816
hg38_dna	56685	56685	-0.017045007265790835
hg38_dna	56727	56727	-0.01632393064148485
hg38_dna	56740	56740	-0.016318942156546834
hg38_dna	56827	56827	-0.0363606459103476
hg38_dna	56878	56878	-0.07690901721848808
hg38_dna	57076	57076	0.015996161962231525
hg38_dna	57495	57495	0.21156479270952655
hg38_dna	58437	58437	0.17194383316972495
hg38_dna	58589	58589	0.17215541585204885
hg38_dna	58901	58901	0.01617051314942408
hg38_dna	59228	59228	-0.06043672992025173
hg38_dna	59262	59262	-0.05931654641831674
hg38_dna	59316	59316	-0.042177488279106834
hg38_dna	59320	59320	-0.04367716135801869
hg38_dna	59406	59406	-0.01728315709569017
hg38_dna	59411	59411	-0.015091963325603919
hg38_dna	59443	59443	-0.060061618180412335
hg38_dna	59561	59561	-0.17804715798690074
hg38_dna	59930	59930	-0.3449360803433339
hg38_dna	59953	59953	-0.3455037815549853
hg38_dna	60029	60029	0.09979935770119752
hg38_dna	60057	60057	0.10903491650184804
hg38_dna	60095	60095	0.1118909414521827
hg38_dna	60120	60120	0.11218163456173569
hg38_dna	60179	60179	0.1640974430994282
hg38_dna	60183	60183	0.16429402724097475
hg38_dna	60235	60235	0.1127208179938739
hg38_dna	60280	60280	0.1714795668975877
hg38_dna	60285	60285	0.17333326268043603
hg38_dna	60313	60313	0.12409913337407863
hg38_dna	60358	60358	0.11374206302227963
hg38_dna	60416	60416	0.17122075406064718
hg38_dna	60421	60421	0.17429283638115445
hg38_dna	60449	60449	0.11795832471517498
hg38_dna	60569	60569	0.0887301120886379
hg38_dna	60765	60765	0.09881221156188547
hg38_dna	60774	60774	0.09885931301087592
hg38_dna	60915	60915	0.06804289234232108
hg38_dna	61296	61296	0.06775354466002348
hg38_dna	61318	61318	0.08991504163876884
hg38_dna	61325	61325	0.08573324430461993
hg38_dna	61572	61572	0.05480226436657132
hg38_dna	61781	61781	0.05737964347938718
hg38_dna	61992	61992	0.051540757916143765
hg38_dna	62182	62182	0.057282686107148706
hg38_dna	62451	62451	0.05665194195225309
hg38_dna	62518	62518	0.060621782218967635
hg38_dna	62546	62546	0.06374672744334742
hg38_dna	62575	62575	0.05720480722277088
hg38_dna	63378	63378	0.02371128243851217
hg38_dna	63394	63394	0.02980518704063151
hg38_dna	63404	63404	0.02860136598855023
hg38_dna	63432	63432	0.018463202850873994
hg38_dna	63558	63558	-0.03935064472178196
hg38_dna	63580	63580	-0.054937900460769074
hg38_dna	63590	63590	-0.05634524410263131
hg38_dna	63606	63606	-0.044857477045579186
hg38_dna	63817	63817	-0.025702300283143353
hg38_dna	63951	63951	0.0672817814916793
hg38_dna	63982	63982	0.06963958178408136
hg38_dna	64502	64502	0.14150456724341343
hg38_dna	64537	64537	0.14128971576390192
hg38_dna	64736	64736	0.021614517928346455
hg38_dna	64775	64775	0.018830320506697085
hg38_dna	65054	65054	0.04567758753756035
hg38_dna	65087	65087	0.05739861542447544
hg38_dna	65114	65114	0.07629111253863474
hg38_dna	65119	65119	0.07489571992493316
hg38_dna	65228	65228	0.019623747873172448
hg38_dna	65387	65387	0.01709467337151116
hg38_dna	65637	65637	0.06117598425636439
hg38_dna	65739	65739	0.06307502294256961
hg38_dna	65883	65883	0.05986951860306755
hg38_dna	65903	65903	0.08382073251140776
hg38_dna	65925	65925	0.07556724207772758
hg38_dna	66172	66172	-0.09985999696434145
hg38_dna	66345	66345	-0.2024178720515737
hg38_dna	66463	66463	-0.1410893487095004
hg38_dna	66480	66480	-0.13866229603858193
hg38_dna	66535	66535	-0.19930295598102088
hg38_dna	66666	66666	-0.25119215036462816
hg38_dna	66745	66745	-0.11433469746495883
hg38_dna	66747	66747	-0.060147847601501825
hg38_dna	66753	66753	-0.18438461510163395
hg38_dna	66918	66918	-0.1916779007764826
hg38_dna	66938	66938	-0.19012377038257267
hg38_dna	67001	67001	-0.14827188952448989
hg38_dna	67083	67083	-0.09983632129290121
hg38_dna	67256	67256	0.10995611160158969
hg38_dna	67488	67488	0.05592777417217576
hg38_dna	67787	67787	0.1407270500814719
hg38_dna	67796	67796	0.139383301854215
hg38_dna	67927	67927	0.15745387160351854
hg38_dna	67994	67994	0.1584409604430843
hg38_dna	68452	68452	0.10830698659592342
hg38_dna	68599	68599	0.10622789022850654
hg38_dna	68651	68651	0.10688584791453115
hg38_dna	68922	68922	0.05236381113362709
hg38_dna	68938	68938	0.05286685723615259
hg38_dna	69013	69013	-0.16143889350980145
hg38_dna	69183	69183	-0.24553750275070385
hg38_dna	69452	69452	-0.07466884926965656
hg38_dna	69669	69669	0.1005932144145607
hg38_dna	69746	69746	0.013480672205294031
hg38_dna	69789	69789	0.014139403801479933
hg38_dna	69812	69812	0.10095447541364955
hg38_dna	69918	69918	0.10086068167080642
hg38_dna	70024	70024	0.014237961419283351
hg38_dna	70048	70048	0.1009862420015466
hg38_dna	70138	70138	0.10076505350494402
hg38_dna	70292	70292	-0.07464457297579741
hg38_dna	70540	70540	-0.2456261565067206
hg38_dna	70780	70780	-0.3273452332831188
hg38_dna	70842	70842	-0.4030903775020873
hg38_dna	71123	71123	-0.161626755792591
hg38_dna	71395	71395	-0.24647805953341684
hg38_dna	71442	71442	-0.24944177315975313
hg38_dna	71458	71458	-0.24849393929410724
hg38_dna	71619	71619	-0.0750998762182693
hg38_dna	71700	71700	-0.07477069267860115
hg38_dna	72017	72017	0.013138617838914346
hg38_dna	72108	72108	-0.036648523264656285
hg38_dna	72151	72151	-0.019205159761525703
hg38_dna	72237	72237	-0.003305593415930508
hg38_dna	72249	72249	-0.0026249528121007337
hg38_dna	72251	72251	0.0008646768289768403
hg38_dna	72253	72253	-0.0028594503949259664
hg38_dna	72316	72316	-0.0027719568162991592
hg38_dna	72321	72321	-0.0028181675707670273
hg38_dna	72432	72432	-0.0025810956381639993
hg38_dna	72436	72436	-0.0023877918387669173
hg38_dna	72468	72468	-0.0036100528672216026
hg38_dna	72490	72490	-0.004235821903247228
hg38_dna	72524	72524	0.01025409966390578
hg38_dna	72532	72532	0.010275498206237632
hg38_dna	72569	72569	-0.0049596626310683956
hg38_dna	73062	73062	0.15377366304391904
hg38_dna	73099	73099	0.15229091337020062
hg38_dna	73270	73270	0.1577512943672419
hg38_dna	73475	73475	0.15405669146667167
hg38_dna	73522	73522	0.15096050574741815
hg38_dna	73586	73586	0.17258488260939675
hg38_dna	74448	74448	0.07121972072002025
hg38_dna	74465	74465	0.0713855188002861
hg38_dna	74591	74591	0.01196291942676142
hg38_dna	74660	74660	-0.014805460226647194
hg38_dna	74665	74665	-0.013917564578274977
hg38_dna	74737	74737	-0.019215436753545978
hg38_dna	74763	74763	-0.01716373944865035
hg38_dna	74776	74776	-0.016589506232708606
hg38_dna	74793	74793	-0.017271014517944216
hg38_dna	74884	74884	-0.09828828321537775
hg38_dna	74924	74924	-0.11320931034597659
hg38_dna	74981	74981	-0.08356262216658084
hg38_dna	75054	75054	-0.04510238611826689
hg38_dna	75069	75069	-0.044631799132701655
hg38_dna	75078	75078	-0.04477334602536054
hg38_dna	75106	75106	-0.042401811131937306
hg38_dna	75118	75118	-0.04253571936256684
hg38_dna	75304	75304	-0.03276908650522947
hg38_dna	75337	75337	-0.034752569944379585
hg38_dna	75343	75343	-0.0344308869422405
hg38_dna	75351	75351	-0.034777216388464316
hg38_dna	75367	75367	-0.035088913479953465
hg38_dna	75399	75399	-0.032759310182846724
hg38_dna	75494	75494	-0.02753199794716754
hg38_dna	75502	75502	-0.02755024717793031
hg38_dna	75620	75620	-0.017853717987444506
hg38_dna	75798	75798	-0.017800011234155866
hg38_dna	75817	75817	-0.015293450322542146
hg38_dna	76061	76061	-0.005366468270894265
hg38_dna	76406	76406	-0.01033934742908782
hg38_dna	76431	76431	-0.010316418971673125
hg38_dna	76490	76490	-0.015359215697584805
hg38_dna	76796	76796	-0.02508843577768216
hg38_dna	76804	76804	-0.025042254868067326
hg38_dna	76860	76860	-0.030206843749754908
hg38_dna	76880	76880	-0.0299928628633912
hg38_dna	76892	76892	-0.032581546906250924
hg38_dna	76931	76931	-0.030255372494882415
hg38_dna	76986	76986	-0.03275693472709973
hg38_dna	77024	77024	-0.03275391485795831
hg38_dna	77106	77106	-0.04780599243068062
hg38_dna	77253	77253	-0.05469904727820274
hg38_dna	77261	77261	-0.05405034648866658
hg38_dna	77269	77269	-0.057157310568728636
hg38_dna	77345	77345	-0.05401132497036376
hg38_dna	77349	77349	-0.05395366610413199
hg38_dna	77386	77386	-0.05015100640164949
hg38_dna	77434	77434	-0.04490053870626798
hg38_dna	77445	77445	-0.04490427305143507
hg38_dna	77490	77490	-0.04521434751844633
hg38_dna	77544	77544	-0.042630330776429526
hg38_dna	77567	77567	-0.04311567752733314
hg38_dna	77569	77569	-0.04289813112144758
hg38_dna	77580	77580	-0.04467934849752764
hg38_dna	77592	77592	-0.04292852450956364
hg38_dna	77594	77594	-0.04314857727740895
hg38_dna	77624	77624	-0.04461332991402189
hg38_dna	77631	77631	-0.04705324867218241
hg38_dna	77653	77653	-0.05262207361930593
hg38_dna	77765	77765	-0.05764744215474482
hg38_dna	77797	77797	-0.05764995303627307
hg38_dna	77950	77950	-0.06779367513361256
hg38_dna	78063	78063	-0.001428356420925203
hg38_dna	78113	78113	0.0007522724201329822
hg38_dna	78127	78127	0.0013745615750364593
hg38_dna	78135	78135	0.001879088087102243
hg38_dna	78143	78143	0.001794471349850113
hg38_dna	78167	78167	0.001207077471693907
hg38_dna	78199	78199	0.0007357946129906701
hg38_dna	78223	78223	0.00032392821970139707
hg38_dna	78231	78231	0.0003049899805702694
hg38_dna	78265	78265	0.00029549509531623386
hg38_dna	78310	78310	0.0011905503697664521
hg38_dna	78326	78326	0.0012234791302838666
hg38_dna	78354	78354	0.001197000933590875
hg38_dna	78384	78384	0.0013070209359176133
hg38_dna	78392	78392	0.0014006594823592344
hg38_dna	78400	78400	0.0013277406339176068
hg38_dna	78421	78421	0.0013127914871353674
hg38_dna	78429	78429	0.0012740707654392835
hg38_dna	78446	78446	0.0003457162583990758
hg38_dna	78507	78507	0.0007089880051927011
hg38_dna	78550	78550	0.0007419910263801732
hg38_dna	78645	78645	0.003750036216140451
hg38_dna	78648	78648	0.0037933462801231776
hg38_dna	78695	78695	0.0034337455520021543
hg38_dna	78701	78701	0.0037438366090096764
hg38_dna	78930	78930	0.005512426816052685
hg38_dna	78939	78939	0.0055214095194986434
hg38_dna	79192	79192	0.0066955714985330594
hg38_dna	79208	79208	0.0075883196897632565
hg38_dna	79268	79268	0.007434867815355961
hg38_dna	79299	79299	0.0074672434579747815
hg38_dna	79339	79339	0.006504076811642445
hg38_dna	79402	79402	0.006160995601578456
hg38_dna	79425	79425	0.006251326253367662
hg38_dna	79435	79435	0.006822268424989453
hg38_dna	79449	79449	0.0069727517173228115
hg38_dna	79457	79457	0.006594075185954562
hg38_dna	79828	79828	0.007268644273947356
hg38_dna	79832	79832	0.00736551697980703
hg38_dna	79876	79876	0.006604510661853968
hg38_dna	79908	79908	0.007102057523973748
hg38_dna	79939	79939	0.008029163626242397
hg38_dna	79979	79979	0.012422778641739463
hg38_dna	79981	79981	0.01234825475779422
hg38_dna	80140	80140	0.008721428983629043
hg38_dna	80169	80169	0.008666648154537882
hg38_dna	80689	80689	0.010607895449045834
hg38_dna	80790	80790	0.01065953962338062
hg38_dna	80942	80942	0.010556636484120308
hg38_dna	81114	81114	-0.24667714670312302
hg38_dna	81900	81900	-0.19415515836914587
hg38_dna	81987	81987	-0.16133728994924312
hg38_dna	81999	81999	-0.16181787092406563
hg38_dna	82071	82071	-0.14467873352265936
hg38_dna	82079	82079	-0.14878416268819583
hg38_dna	82194	82194	-0.07879175952437434
hg38_dna	82197	82197	-0.07983066659556104
hg38_dna	82384	82384	-0.18500572413349325
hg38_dna	82868	82868	-0.10966868134995411
hg38_dna	83036	83036	-0.08236914929233508
hg38_dna	83091	83091	-0.06191491614706157
hg38_dna	83099	83099	-0.06114489145548885
hg38_dna	83131	83131	-0.05452656331047834
hg38_dna	83137	83137	-0.054287711356990176
hg38_dna	83169	83169	-0.06388156939268663
hg38_dna	83193	83193	-0.060716976378653476
hg38_dna	83213	83213	-0.05760134696981911
hg38_dna	83229	83229	-0.05959062591753361
hg38_dna	83257	83257	-0.06590621214515235
hg38_dna	83302	83302	-0.05667753380081342
hg38_dna	83313	83313	-0.05931888125454754
hg38_dna	83366	83366	-0.02230742184347756
hg38_dna	83369	83369	-0.0244295169057005
hg38_dna	83494	83494	-0.0631149020272368
hg38_dna	83509	83509	-0.06186821436397172
hg38_dna	83660	83660	-0.10877338226146027
hg38_dna	83855	83855	-0.17285021675451318
hg38_dna	84076	84076	-0.07418660437691593
hg38_dna	84107	84107	-0.06713919232637378
hg38_dna	84234	84234	-0.07421520116407576
hg38_dna	84273	84273	-0.060604719088280135
hg38_dna	84436	84436	-0.040700352394257955
hg38_dna	84569	84569	-0.019647557584303144
hg38_dna	84582	84582	-0.026709308356334338
hg38_dna	84746	84746	-0.013103930725369306
hg38_dna	84756	84756	-0.01308128122649932
hg38_dna	84814	84814	-0.01340178494926092
hg38_dna	84853	84853	-0.013413261631862516
hg38_dna	84921	84921	-0.012917021651343008
hg38_dna	84928	84928	-0.01273448920719078
hg38_dna	84951	84951	-0.017055580290665784
hg38_dna	84953	84953	-0.01702170152639626
hg38_dna	84984	84984	-0.020172278799605925
hg38_dna	85091	85091	-0.019888779478052454
hg38_dna	85105	85105	-0.019815752453831825
hg38_dna	85154	85154	-0.020181696709649533
hg38_dna	85220	85220	-0.020059565644825472
hg38_dna	85263	85263	-0.03385391986406794
hg38_dna	85518	85518	-0.03652998444692401
hg38_dna	85521	85521	-0.0365607994520154
hg38_dna	85823	85823	-0.0135010810108811
hg38_dna	85871	85871	-0.006585505694422178
hg38_dna	85897	85897	-0.006764514408343025
hg38_dna	85921	85921	0.0067096652051859
hg38_dna	85929	85929	0.006585565013115691
hg38_dna	85999	85999	0.006864569048151026
hg38_dna	86047	86047	-0.00024823623338821044
hg38_dna	86055	86055	0.0068267770316476906
hg38_dna	86088	86088	0.006758118132525137
hg38_dna	86119	86119	0.006668479411539252
hg38_dna	86133	86133	0.006690604822019441
hg38_dna	86177	86177	0.006637194848137629
hg38_dna	86187	86187	0.00633169434157832
hg38_dna	86193	86193	0.006179149032763842
hg38_dna	86199	86199	0.0065100246031351006
hg38_dna	86369	86369	0.020377525037462707
hg38_dna	86410	86410	0.019571522310545042
hg38_dna	86418	86418	0.019710231279384427
hg38_dna	86504	86504	0.006767743449309638
hg38_dna	86546	86546	0.006935522034746899
hg38_dna	86706	86706	-0.04737147665710384
hg38_dna	86753	86753	-0.04718999501282828
hg38_dna	86830	86830	-0.04041027186634816
hg38_dna	86879	86879	-0.04004314333436798
hg38_dna	86902	86902	-0.040105467777620474
hg38_dna	86977	86977	-0.04750765798182677
hg38_dna	87053	87053	-0.07184302195790293
hg38_dna	87294	87294	-0.007354640402194024
hg38_dna	87352	87352	0.011132153304055592
hg38_dna	87416	87416	-0.007425223362901745
hg38_dna	87518	87518	0.0018507444259534545
hg38_dna	87547	87547	0.0017238449508703013
hg38_dna	87551	87551	0.0017298723708654151
hg38_dna	87596	87596	0.001802755324563865
hg38_dna	87607	87607	0.0016249567232020645
hg38_dna	87621	87621	0.010806032646525576
hg38_dna	87641	87641	0.0200175976389958
hg38_dna	87686	87686	0.028837237378954494
hg38_dna	87698	87698	0.0288097389874844
hg38_dna	87750	87750	0.029104713983430397
hg38_dna	87774	87774	0.02873901947237778
hg38_dna	87788	87788	0.02873704613211059
hg38_dna	87804	87804	0.019296665190186246
hg38_dna	87812	87812	0.018842679457397704
hg38_dna	87820	87820	0.028847386174579714
hg38_dna	87942	87942	0.04761088558607218
hg38_dna	87982	87982	0.04761246281209219
hg38_dna	88070	88070	0.020162218617965966
hg38_dna	88116	88116	0.0018506804353277673
hg38_dna	88132	88132	-0.007242985707922145
hg38_dna	88156	88156	-0.0164257841549158
hg38_dna	88311	88311	-0.07035879627842734
hg38_dna	88325	88325	-0.08597151411629733
hg38_dna	88332	88332	-0.0866914653373605
hg38_dna	88369	88369	-0.07954937092953518
hg38_dna	88385	88385	-0.061437503695719764
hg38_dna	88846	88846	-0.08015451611769264
hg38_dna	88868	88868	-0.0775474664716711
hg38_dna	88876	88876	-0.08646388585965847
hg38_dna	88893	88893	-0.09779165911280341
hg38_dna	88956	88956	-0.0873267839207581
hg38_dna	88964	88964	-0.08226325110815624
hg38_dna	88968	88968	-0.08492705633376785
hg38_dna	89086	89086	-0.06107505886230857
hg38_dna	89096	89096	-0.058728923391192955
hg38_dna	89102	89102	-0.0602620270853933
hg38_dna	89439	89439	0.002022326838230004
hg38_dna	89485	89485	-0.02571699837571928
hg38_dna	89517	89517	-0.016382580188931906
hg38_dna	89569	89569	-0.007088343567996036
hg38_dna	89606	89606	-0.03384973922135659
hg38_dna	89613	89613	-0.03295425473038649
hg38_dna	89622	89622	-0.03386810550164432
hg38_dna	89650	89650	-0.03421761156530456
hg38_dna	89660	89660	-0.022144866242653327
hg38_dna	89662	89662	-0.02137045809850191
hg38_dna	89666	89666	-0.024293115938859966
hg38_dna	89699	89699	-0.025606612396162243
hg38_dna	89812	89812	-0.02274236354018444
hg38_dna	89814	89814	-0.02273270111940029
hg38_dna	89912	89912	-0.025774770428498073
hg38_dna	89993	89993	0.05497822074049141
hg38_dna	90027	90027	0.029822040814424966
hg38_dna	90156	90156	-0.09438551973556764
hg38_dna	90426	90426	-0.2648487241321549
hg38_dna	90943	90943	-0.11883972356804406
hg38_dna	91036	91036	-0.06864491944078321
hg38_dna	91229	91229	-0.042048275404255264
hg38_dna	91245	91245	-0.040861969968598144
hg38_dna	91273	91273	-0.04212523726616513
hg38_dna	91303	91303	-0.04297756306528644
hg38_dna	91374	91374	-0.043978337538421286
hg38_dna	91420	91420	-0.01723000759443649
hg38_dna	91430	91430	-0.01539614345895246
hg38_dna	91437	91437	-0.01699653111263255
hg38_dna	91484	91484	-0.01708410670760241
hg38_dna	91492	91492	-0.01751878074409796
hg38_dna	91618	91618	0.005976048421462377
hg38_dna	91912	91912	-0.11690720459819315
hg38_dna	91969	91969	-0.1903858636282867
hg38_dna	92074	92074	-0.1679602227151038
hg38_dna	92078	92078	-0.16980192020624552
hg38_dna	92486	92486	-0.0687007418052572
hg38_dna	92585	92585	-0.10116919917314826
hg38_dna	92591	92591	-0.10050935384881199
hg38_dna	92667	92667	-0.09911535701559293
hg38_dna	92671	92671	-0.05921405609161767
hg38_dna	92679	92679	-0.06711291862477564
hg38_dna	92683	92683	-0.06795822938566842
hg38_dna	92695	92695	-0.08695572761684667
hg38_dna	92732	92732	-0.09016849633666779
hg38_dna	92765	92765	-0.09247434663611598
hg38_dna	93167	93167	-0.06819730934538848
hg38_dna	93280	93280	-0.03445860202670947
hg38_dna	93302	93302	-0.026267286736571194
hg38_dna	93306	93306	-0.022291759390232535
hg38_dna	93314	93314	-0.03236156741068208
hg38_dna	93402	93402	-0.03557016146293135
hg38_dna	93473	93473	-0.03465753645724834
hg38_dna	93510	93510	-0.04301474577832454
hg38_dna	93515	93515	-0.028054699389460813
hg38_dna	93519	93519	-0.03881808629402683
hg38_dna	93540	93540	-0.04837026140725231
hg38_dna	93568	93568	-0.04937408768037077
hg38_dna	93615	93615	-0.050148723030289055
hg38_dna	93657	93657	-0.04522094011638478
hg38_dna	93666	93666	-0.04310340011379421
hg38_dna	93678	93678	-0.031187658796732798
hg38_dna	93697	93697	-0.017303374022086926
hg38_dna	93699	93699	-0.01736917054382281
hg38_dna	93721	93721	-0.03554767207510512
hg38_dna	93989	93989	-0.0045803153220886905
hg38_dna	94411	94411	0.11136497172721915
hg38_dna	94419	94419	0.07229612846549971
hg38_dna	94449	94449	0.0682517813601522
hg38_dna	94466	94466	0.0684244180308009
hg38_dna	94505	94505	0.08956417936553596
hg38_dna	94692	94692	0.01159245139263021
hg38_dna	94736	94736	-0.02044364781840713
hg38_dna	94860	94860	-0.03578144162228214
hg38_dna	94912	94912	-0.025703902290752145
hg38_dna	94914	94914	-0.002214267821362581
hg38_dna	94928	94928	-0.004623405673999992
hg38_dna	95021	95021	0.033080516479125244
hg38_dna	95025	95025	0.028091073242348052
hg38_dna	95037	95037	0.039638247793315706
hg38_dna	95078	95078	0.04139196241145271
hg38_dna	95117	95117	0.04177835814074404
hg38_dna	95199	95199	0.05289635917419133
hg38_dna	95209	95209	0.05066707901831213
hg38_dna	95241	95241	0.07343141359147864
hg38_dna	95750	95750	0.19988868072802157
hg38_dna	95901	95901	0.20004295619086054
hg38_dna	96092	96092	-0.1459418796408749
hg38_dna	96146	96146	-0.1335232252562788
hg38_dna	96491	96491	-0.07140469403377736
hg38_dna	96495	96495	-0.04768240264221291
hg38_dna	96497	96497	-0.056619280667754346
hg38_dna	96507	96507	-0.07199711931852915
hg38_dna	96535	96535	-0.06800432445152338
hg38_dna	96544	96544	-0.063314055934232
hg38_dna	96551	96551	-0.06709592939516007
hg38_dna	96585	96585	-0.06286354662715099
hg38_dna	96596	96596	-0.06616312543530167
hg38_dna	96625	96625	-0.05448537126799291
hg38_dna	96629	96629	-0.05256564574764333
hg38_dna	96641	96641	-0.06060800113811626
hg38_dna	96669	96669	-0.06121377332921574
hg38_dna	96685	96685	-0.055145059320771184
hg38_dna	96693	96693	-0.05236808332472864
hg38_dna	96700	96700	-0.0549518855633353
hg38_dna	96717	96717	-0.05244243856257724
hg38_dna	96725	96725	-0.05196391207804307
hg38_dna	96738	96738	-0.05122886195734799
hg38_dna	96755	96755	-0.046696669448031525
hg38_dna	96763	96763	-0.04795730660555053
hg38_dna	96805	96805	-0.04330140456418019
hg38_dna	96817	96817	-0.039630394514452494
hg38_dna	96836	96836	-0.03423586855905292
hg38_dna	96841	96841	-0.033334814989225636
hg38_dna	96852	96852	-0.037324146946715375
hg38_dna	96884	96884	-0.03247292139391322
hg38_dna	96924	96924	-0.027594334966073886
hg38_dna	96930	96930	-0.02226565705938155
hg38_dna	96936	96936	-0.021182363890044575
hg38_dna	96940	96940	-0.02347561309454882
hg38_dna	96982	96982	-0.02318360572353373
hg38_dna	97005	97005	-0.02911151123012079
hg38_dna	97030	97030	-0.03185740845403995
hg38_dna	97052	97052	-0.038076062978371183
hg38_dna	97081	97081	-0.04095595273980113
hg38_dna	97101	97101	-0.038316271808367386
hg38_dna	97105	97105	-0.03899450870937993
hg38_dna	97150	97150	-0.04737823581286005
hg38_dna	97175	97175	-0.04992703067261828
hg38_dna	97206	97206	-0.059205460547272715
hg38_dna	97235	97235	-0.0639798364290074
hg38_dna	97251	97251	-0.06618121457496584
hg38_dna	97271	97271	-0.07367419405022768
hg38_dna	97303	97303	-0.0692163008420057
hg38_dna	97310	97310	-0.07181462392297466
hg38_dna	97333	97333	-0.07973017348948264
hg38_dna	97365	97365	-0.08224069521806854
hg38_dna	97371	97371	-0.08257597148493989
hg38_dna	97416	97416	-0.08888729253954941
hg38_dna	97426	97426	-0.0902286714503926
hg38_dna	97447	97447	-0.10354445927016376
hg38_dna	97486	97486	-0.10848400176663975
hg38_dna	97580	97580	-0.11695517170297864
hg38_dna	97611	97611	-0.12388423727822584
hg38_dna	97635	97635	-0.12590068663520904
hg38_dna	98135	98135	-0.17405833943343718
hg38_dna	98392	98392	-0.1649272554318939
hg38_dna	98776	98776	-0.14228609234317813
hg38_dna	98821	98821	-0.1408744937873867
hg38_dna	98866	98866	-0.1294702839578048
hg38_dna	98877	98877	-0.12958267306898996
hg38_dna	98917	98917	-0.11722239555112646
hg38_dna	98921	98921	-0.1179435554393442
hg38_dna	98985	98985	-0.1371740376335544
hg38_dna	99015	99015	0.08587104722509409
hg38_dna	99017	99017	0.08615376502858174
hg38_dna	99114	99114	0.05066807128932993
hg38_dna	99162	99162	0.04354980806361253
hg38_dna	99213	99213	0.04285610902327619
hg38_dna	99336	99336	0.05440719762149948
hg38_dna	99342	99342	0.05496651162357269
hg38_dna	99399	99399	0.053995413627201394
hg38_dna	99510	99510	0.0650078047662852
hg38_dna	99573	99573	0.07690952115594563
hg38_dna	99587	99587	0.07082779745008949
hg38_dna	99641	99641	0.08129395890525037
hg38_dna	99647	99647	0.0805504668124617
hg38_dna	99788	99788	0.07135259655109438
hg38_dna	100079	100079	0.11359075749554526
hg38_dna	100081	100081	0.11367371719551711
hg38_dna	100260	100260	0.07132194951779747
hg38_dna	100400	100400	0.042358337188164175
hg38_dna	100479	100479	0.028293228859484376
hg38_dna	100509	100509	0.02098332047000584
hg38_dna	100571	100571	0.013882000342344103
hg38_dna	100593	100593	0.020862340953439862
hg38_dna	100614	100614	0.01065785697197752
hg38_dna	100628	100628	0.009474453735599297
hg38_dna	100745	100745	-0.013257493859500702
hg38_dna	100791	100791	-0.015443421078406017
hg38_dna	100799	100799	-0.016425069912016532
hg38_dna	100821	100821	-0.02818078952760117
hg38_dna	100823	100823	-0.029449738984381968
hg38_dna	100829	100829	-0.02311907359765142
hg38_dna	100846	100846	-0.021966349282043662
hg38_dna	100853	100853	-0.025858070508681053
hg38_dna	100863	100863	-0.024513459850209918
hg38_dna	100898	100898	-0.04581246681274309
hg38_dna	100906	100906	-0.05120383756476565
hg38_dna	100910	100910	-0.048732649144390905
hg38_dna	100938	100938	-0.05613739860760991
hg38_dna	100951	100951	-0.059509425385033454
hg38_dna	100993	100993	-0.07485348005224735
hg38_dna	100996	100996	-0.07475028746778967
hg38_dna	101046	101046	-0.06313970320549789
hg38_dna	101060	101060	-0.06412465706210613
hg38_dna	101092	101092	-0.07810047682079979
hg38_dna	101101	101101	-0.10166773267642104
hg38_dna	101103	101103	-0.0986115866100925
hg38_dna	101139	101139	-0.0657387028783527
hg38_dna	101146	101146	-0.0674446001866813
hg38_dna	101160	101160	-0.067076245603932
hg38_dna	101173	101173	-0.06499891967858495
hg38_dna	101200	101200	-0.07064173916350258
hg38_dna	101218	101218	-0.06986835765163257
hg38_dna	101261	101261	-0.07068678625741542
hg38_dna	101309	101309	-0.06702157283002408
hg38_dna	101351	101351	-0.06279672755664456
hg38_dna	101368	101368	-0.06947985793549116
hg38_dna	101376	101376	-0.0938694036767147
hg38_dna	101379	101379	-0.10972840326806566
hg38_dna	101381	101381	-0.10412437290915966
hg38_dna	101387	101387	-0.07426068642856243
hg38_dna	101413	101413	-0.07371199269833117
hg38_dna	101415	101415	-0.07753310553170834
hg38_dna	101423	101423	-0.06358889964804271
hg38_dna	101431	101431	-0.06058231767501576
hg38_dna	101449	101449	-0.05173903035391958
hg38_dna	101474	101474	-0.05285250278834863
hg38_dna	101521	101521	-0.054859212978183525
hg38_dna	101528	101528	-0.055419176668625836
hg38_dna	101560	101560	-0.05513509542399686
hg38_dna	101567	101567	-0.05311505120684812
hg38_dna	101583	101583	-0.04632351302846094
hg38_dna	101652	101652	-0.040679752684056325
hg38_dna	101681	101681	-0.04032117349605824
hg38_dna	101694	101694	-0.047302947055784195
hg38_dna	101717	101717	-0.04217361494556182
hg38_dna	101749	101749	-0.04250726379273395
hg38_dna	101773	101773	-0.05614425472849205
hg38_dna	101834	101834	-0.07343310827508209
hg38_dna	101839	101839	-0.08181194832978256
hg38_dna	101855	101855	-0.0704916681903156
hg38_dna	101912	101912	-0.05832554047365801
hg38_dna	101927	101927	-0.05625369924940116
hg38_dna	101959	101959	-0.0773672323597725
hg38_dna	101961	101961	-0.07644360048160004
