hg38_dna	21027	21087	0.04272954244553162
hg38_dna	21087	21217	0.02029301528139138
hg38_dna	21217	21417	0.01353544618672764
hg38_dna	21417	21770	0.008000008698759054
hg38_dna	21770	21873	0.025117861330718583
hg38_dna	21873	21949	0.03393014993547139
hg38_dna	21949	21965	0.15684770621071298
hg38_dna	21965	21968	0.6843392411714797
hg38_dna	21968	21987	0.13301014443320502
hg38_dna	21987	21995	0.3046418708952512
hg38_dna	21995	22011	0.15649786557886047
hg38_dna	22011	22114	0.025174050350314836
hg38_dna	22114	22206	0.027901341834748905
hg38_dna	22206	22256	0.05074299435110197
hg38_dna	22256	22297	0.061762824666789395
hg38_dna	22297	22327	0.08406163907068631
hg38_dna	22327	22504	0.014946952016888115
hg38_dna	22504	22548	0.057746808765390956
hg38_dna	22548	22602	0.047237244054499694
hg38_dna	22602	22648	0.05525006027095092
hg38_dna	22648	22690	0.06034395732238096
hg38_dna	22690	22928	0.011249147984780716
hg38_dna	22928	23005	0.03337868263752064
hg38_dna	23005	23017	0.20675699426271477
hg38_dna	23017	23128	0.023939494529580774
hg38_dna	23128	23134	0.39622671018514977
hg38_dna	23134	23142	0.3047681332163066
hg38_dna	23142	23170	0.09051236420714437
hg38_dna	23170	23238	0.03782975638038888
hg38_dna	23238	23323	0.03041189291243951
hg38_dna	23323	23400	0.033441643889129846
hg38_dna	23400	23922	0.0055146153150671395
hg38_dna	24023	24045	0.01631195068057867
hg38_dna	24045	24137	0.0047519806125890796
hg38_dna	24137	24229	0.004773228151196296
hg38_dna	24229	24237	0.04292517680454733
hg38_dna	24237	24245	0.04301350001109672
hg38_dna	24245	24249	0.08457991941682463
hg38_dna	24249	24267	0.019959195909740046
hg38_dna	24267	24269	0.16680112516682177
hg38_dna	24269	24292	0.015878153767641567
hg38_dna	24292	24298	0.056816886644287745
hg38_dna	24298	24309	0.03154564453970643
hg38_dna	24309	24351	0.009171365539927034
hg38_dna	24351	24355	0.08455347916057221
hg38_dna	24355	24363	0.042965439321084986
hg38_dna	24363	24395	0.011625183841262654
hg38_dna	24395	24403	0.04288804954275305
hg38_dna	24403	24430	0.01354181962282297
hg38_dna	24430	24444	0.024995999238318856
hg38_dna	24444	24488	0.008751346502260393
hg38_dna	24488	24498	0.03453381128190802
hg38_dna	24498	24613	0.0040882040571892375
hg38_dna	24613	24621	0.04289678219331794
hg38_dna	24621	24773	0.0033875294420639968
hg38_dna	24773	25274	0.0019037969443336245
hg38_dna	25274	25598	0.0023239647789154994
hg38_dna	25598	25867	0.0025386592374343486
hg38_dna	25867	25910	0.009050081256142484
hg38_dna	25910	26245	0.002202885885170147
hg38_dna	26245	26383	0.0035941888918147313
hg38_dna	26383	26394	0.03156269352691332
hg38_dna	26394	26408	0.025076073356847584
hg38_dna	26408	26428	0.017925500961895047
hg38_dna	26428	26439	0.03157396329121154
hg38_dna	26439	26473	0.01111757569463201
hg38_dna	26473	26477	0.08460957452197748
hg38_dna	26477	26489	0.029114549718955107
hg38_dna	26489	26541	0.0076229338732236585
hg38_dna	26541	26565	0.01515175491207943
hg38_dna	26565	26571	0.0570298605952817
hg38_dna	26571	26573	0.16688407563368646
hg38_dna	26573	26606	0.011479430251525091
hg38_dna	26606	26645	0.009740498431749511
hg38_dna	26645	26670	0.01461810013359921
hg38_dna	26670	26674	0.08457432271134291
hg38_dna	26674	26808	0.003731055215056678
hg38_dna	26988	27663	0.004671548700895922
hg38_dna	27663	27693	0.08196511424605957
hg38_dna	27693	27703	0.23915307112591488
hg38_dna	27703	27743	0.06199270847214722
hg38_dna	27743	27785	0.05999219564597258
hg38_dna	27785	27787	0.8382155670665323
hg38_dna	27787	27797	0.2408229531298547
hg38_dna	27797	27801	0.5429628907517512
hg38_dna	27801	27860	0.04319761002468381
hg38_dna	27860	27874	0.17277178076879274
hg38_dna	27874	27930	0.04512902377172656
hg38_dna	27930	27934	0.5426502081708509
hg38_dna	27934	28347	0.007413132237414466
hg38_dna	28347	28696	0.007999329926108523
hg38_dna	28696	28730	0.07230560349637427
hg38_dna	28730	28776	0.05381007901727575
hg38_dna	28776	28842	0.03784622922303038
hg38_dna	28842	28903	0.04096354517547951
hg38_dna	28903	28919	0.15165892840663764
hg38_dna	28919	28949	0.08192743072028774
hg38_dna	28949	29041	0.027603746509563987
hg38_dna	29041	29070	0.08463205549990338
hg38_dna	29070	29126	0.044506129658287374
hg38_dna	29126	29209	0.030402450183720564
hg38_dna	29209	29383	0.01547249804255868
hg38_dna	29383	29392	0.264651048330268
hg38_dna	29392	29404	0.20106168504467892
hg38_dna	29404	29441	0.06743372739471365
hg38_dna	29441	29448	0.33471192972648645
hg38_dna	29448	29473	0.09850358449513852
hg38_dna	29473	29493	0.12211121826628846
hg38_dna	29493	29534	0.06047485177322898
hg38_dna	29534	29619	0.030662248337164133
hg38_dna	29619	29624	0.4521909617795381
hg38_dna	29624	29627	0.6700874738361464
hg38_dna	29627	29657	0.08313782839681183
hg38_dna	29657	29701	0.05768191859386684
hg38_dna	29701	29705	0.5434753251568085
hg38_dna	29705	29707	0.8383456806686711
hg38_dna	29707	29739	0.07852191234380657
hg38_dna	29739	29763	0.10226005788000636
hg38_dna	29763	29780	0.14308212170241852
hg38_dna	29780	29833	0.047076582664486555
hg38_dna	29833	29913	0.03164861344599812
hg38_dna	29913	29929	0.15169845045599928
hg38_dna	29929	29968	0.06337223160792149
hg38_dna	30220	30528	-0.006235678129040023
hg38_dna	30528	30597	-0.04158743991218761
hg38_dna	30597	30731	-0.021338435768148756
hg38_dna	30731	30807	-0.037450511119742735
hg38_dna	30807	30832	-0.11621038123730365
hg38_dna	30832	30849	-0.17051638182434448
hg38_dna	30849	30871	-0.13217612555568525
hg38_dna	30871	30910	-0.07497424231504612
hg38_dna	30910	30973	-0.046506956186421755
hg38_dna	30973	31000	-0.10795389729740035
hg38_dna	31000	31043	-0.06803879630402387
hg38_dna	31043	31045	-0.8987080597923225
hg38_dna	31045	31308	-0.01101209956739968
hg38_dna	31308	31373	-0.04513992495921859
hg38_dna	31373	31422	-0.059664196181292706
hg38_dna	31422	31510	-0.03275166015977238
hg38_dna	31510	31559	-0.057585691155504826
hg38_dna	31559	31647	-0.029913540605705835
hg38_dna	31647	31660	-0.218002744378051
hg38_dna	31660	31697	-0.07573397633836709
hg38_dna	31697	31746	-0.057629970488319415
hg38_dna	31746	31943	-0.014801277418698966
hg38_dna	31943	32216	-0.010784971299664603
hg38_dna	32216	32238	-0.1318523935984588
hg38_dna	32238	32247	-0.3139650678578483
hg38_dna	32247	32302	-0.05303424303505788
hg38_dna	32302	32334	-0.09079304708440206
hg38_dna	32334	32402	-0.04135922999692143
hg38_dna	32402	32420	-0.15950663274922428
hg38_dna	32420	32464	-0.06594042941924627
hg38_dna	32464	32469	-0.526643855251586
hg38_dna	32469	32524	-0.052721419561467364
hg38_dna	32524	32534	-0.2832885533487026
hg38_dna	32534	32564	-0.09598230266131846
hg38_dna	32564	32631	-0.04128403067745201
hg38_dna	32631	32671	-0.06949138444354053
hg38_dna	32671	32813	-0.01940486062034097
hg38_dna	32813	32818	-0.5257058136634876
hg38_dna	32818	32978	-0.018725566031528862
hg38_dna	33081	33212	-0.0017751533018472987
hg38_dna	33212	33239	-0.011413367441649891
hg38_dna	33239	33311	-0.003934336780393011
hg38_dna	33311	33375	-0.004532831497550793
hg38_dna	33375	33501	-0.0020550895602862163
hg38_dna	33501	33514	-0.024536763043337073
hg38_dna	33514	33561	-0.006425162378267402
hg38_dna	33561	33577	-0.019843214250195196
hg38_dna	33577	33605	-0.011127870300619902
hg38_dna	33605	33614	-0.035678848975104316
hg38_dna	33614	33621	-0.046008443314969005
hg38_dna	33621	33635	-0.02275960514759734
hg38_dna	33635	33655	-0.01577368684327518
hg38_dna	33655	33666	-0.02908565128868079
hg38_dna	33666	33696	-0.010341711689815014
hg38_dna	33696	33712	-0.019832888214593725
hg38_dna	33712	33732	-0.01575650647208393
hg38_dna	33732	33756	-0.013038034631506212
hg38_dna	33756	33764	-0.04017039188286553
hg38_dna	33764	33771	-0.0459796991911563
hg38_dna	33771	33787	-0.019832651149424674
hg38_dna	33787	33796	-0.03563411671378591
hg38_dna	33796	33826	-0.010319612474391837
hg38_dna	33826	33834	-0.04013075382395592
hg38_dna	33834	33884	-0.005952570203747509
hg38_dna	33884	33916	-0.00959601038581992
hg38_dna	33916	33974	-0.005030480919083757
hg38_dna	33974	34348	-0.00012892049363499858
hg38_dna	34348	34563	-0.0005575653767697641
hg38_dna	34563	34899	-2.287293926794831e-5
hg38_dna	34899	35189	-0.00024166682780535353
hg38_dna	35189	35233	-0.006549310651441598
hg38_dna	35233	35360	-0.0017204718829733068
hg38_dna	35360	35391	-0.009693548954799125
hg38_dna	35391	35398	-0.04568541619693889
hg38_dna	35398	35421	-0.013371986577095152
hg38_dna	35421	35429	-0.03985645255330428
hg38_dna	35429	35462	-0.009050090401146793
hg38_dna	35462	35932	7.694619247811119e-5
hg38_dna	35932	35948	-0.01963829090661151
hg38_dna	35948	35970	-0.014088386748812631
hg38_dna	35995	36012	-0.27470189734494976
hg38_dna	36012	36137	-0.0396488597019633
hg38_dna	36137	36167	-0.1611792700601673
hg38_dna	36167	36202	-0.13853831786621829
hg38_dna	36202	36224	-0.21816397679540156
hg38_dna	36224	36226	-0.9849765548887142
hg38_dna	36226	36234	-0.5443654354043199
hg38_dna	36234	36292	-0.08262246682446728
hg38_dna	36292	36345	-0.08852287394047309
hg38_dna	36345	36393	-0.09006581249292767
hg38_dna	36393	36443	-0.08687753377525476
hg38_dna	36443	36487	-0.10262905292977353
hg38_dna	36487	36534	-0.0961732904691559
hg38_dna	36534	36558	-0.19350117516227638
hg38_dna	36558	36588	-0.15335768688470375
hg38_dna	36588	36730	-0.03789485283784888
hg38_dna	36730	36792	-0.07662587999628423
hg38_dna	36792	36806	-0.3297379279574941
hg38_dna	36806	36851	-0.10070425894587065
hg38_dna	36851	36945	-0.041337863722703316
hg38_dna	36945	36984	-0.10877886882028531
hg38_dna	36984	36998	-0.3348460370838735
hg38_dna	36998	37000	-0.984405769248196
hg38_dna	37000	37305	-0.009935326638067732
hg38_dna	37305	37412	-0.022140757941513378
hg38_dna	37412	37560	0.006702019267719628
hg38_dna	37560	37672	-0.013679667573745169
hg38_dna	37672	37679	-0.5579982958480616
hg38_dna	37679	37743	-0.0689037841902691
hg38_dna	37743	37747	-0.8198214201692051
hg38_dna	37747	37808	-0.06668049307870616
hg38_dna	37808	37880	0.0020040309574000936
hg38_dna	37880	38258	0.05396243285532698
hg38_dna	38258	38597	0.010851849322946805
hg38_dna	38597	38625	-0.16941400222092007
hg38_dna	38625	38633	-0.5416492459266804
hg38_dna	38633	38664	-0.15570548554255081
hg38_dna	38664	38694	-0.161241074338341
hg38_dna	38694	38746	-0.09349230949294052
hg38_dna	38746	38758	-0.38574761231712884
hg38_dna	38758	38820	-0.07819924583920135
hg38_dna	38820	38896	-0.062152376100729434
hg38_dna	38896	38957	-0.08125731922087565
hg38_dna	38957	38980	-0.2073615249569165
hg38_dna	39019	39055	0.009246077280619769
hg38_dna	39055	39082	0.01118475095829119
hg38_dna	39082	39121	0.008824190585924985
hg38_dna	39121	39140	0.013035816102227926
hg38_dna	39140	39158	0.012803606012072866
hg38_dna	39158	39421	0.000338893557863873
hg38_dna	39421	39434	0.01616704624890053
hg38_dna	39434	39452	0.011572366323226557
hg38_dna	39452	39610	0.001369464695991418
hg38_dna	39610	39812	0.005359596100142472
hg38_dna	39812	39906	0.007433543840873469
hg38_dna	39906	39934	0.013471656876706373
hg38_dna	39934	40226	0.010761800853858361
hg38_dna	40226	40307	0.015343190918366556
hg38_dna	40307	40725	0.004412147827454582
hg38_dna	40725	40910	0.0020166550355020796
hg38_dna	40910	40983	0.002869019295420383
hg38_dna	40983	40995	0.017342808016053812
hg38_dna	40995	41035	0.005203677942415386
hg38_dna	41035	41055	0.01040640814361593
hg38_dna	41055	41069	0.014856891349904533
hg38_dna	41069	41080	0.019047477894933884
hg38_dna	41080	41098	0.011963438707156548
hg38_dna	41098	41125	0.009350321639124193
hg38_dna	41125	41322	0.0038274141919769633
hg38_dna	41322	41398	0.008067129850589438
hg38_dna	41398	41400	0.11042832340666653
hg38_dna	41400	41438	0.011929043562151964
hg38_dna	41438	41462	0.013677834448183379
hg38_dna	41462	41560	0.004613791430116976
hg38_dna	41560	41582	0.009859746246253298
hg38_dna	41582	41592	0.0209380089719855
hg38_dna	41592	41622	0.006929259623836614
hg38_dna	41622	41785	0.001277324048191808
hg38_dna	41785	41800	0.013874810605017718
hg38_dna	41800	41861	0.0034124573645963885
hg38_dna	41861	41868	0.029724290768947892
hg38_dna	42024	42131	0.0016083729605624875
hg38_dna	42131	42319	0.0009640505299883806
hg38_dna	42319	42454	0.0013196805013495627
hg38_dna	42454	42571	0.0015302340485687793
hg38_dna	42571	42634	0.0027360591580829485
hg38_dna	42634	42659	0.006604612512968178
hg38_dna	42659	42694	0.004779513650965406
hg38_dna	42694	42702	0.020223493471308363
hg38_dna	42702	42704	0.08006799394047182
hg38_dna	42704	42852	0.0013212672907401135
hg38_dna	42852	42884	0.00525343904565112
hg38_dna	42884	42924	0.004291748803309403
hg38_dna	42924	42978	0.003288776753901157
hg38_dna	42978	43010	0.005354586870975009
hg38_dna	43010	43023	0.012701209370079347
hg38_dna	43023	43041	0.009302229616478641
hg38_dna	43041	43068	0.006386759483098192
hg38_dna	43068	43073	0.032468089495448105
hg38_dna	43073	43111	0.004678583466140029
hg38_dna	43111	43258	0.0015043611674880886
hg38_dna	43258	43282	0.007048061210326306
hg38_dna	43282	43298	0.01038307118936066
hg38_dna	43298	43327	0.005918720303908387
hg38_dna	43327	43352	0.006818762669497769
hg38_dna	43352	43383	0.005571579835450535
hg38_dna	43383	43403	0.008405494480766773
hg38_dna	43403	43407	0.040403211194500965
hg38_dna	43407	43409	0.0802530804617052
hg38_dna	43409	43448	0.004501974290183952
hg38_dna	43448	43479	0.0055255072074764655
hg38_dna	43479	43493	0.01178764615881267
hg38_dna	43493	43504	0.014913873715618031
hg38_dna	43504	43509	0.032376502892092596
hg38_dna	43509	43527	0.009283270300477042
hg38_dna	43527	43541	0.011820887655556778
hg38_dna	43541	43547	0.027049860067118736
hg38_dna	43547	43554	0.023238747201394627
hg38_dna	43554	43693	0.0015444771168970917
hg38_dna	43693	43806	0.0018454293159022583
hg38_dna	43806	43815	0.01823542655170085
hg38_dna	43815	43999	0.0012657132718860709
hg38_dna	43999	44007	0.02034483933894471
hg38_dna	44007	44009	0.0801785758579947
hg38_dna	44009	44019	0.016327829837131436
hg38_dna	44019	44052	0.005121560957916049
hg38_dna	44052	44077	0.006641084247093421
hg38_dna	44077	44097	0.008233822952226078
hg38_dna	44097	44141	0.003887130016228202
hg38_dna	44141	44149	0.02026518865827498
hg38_dna	44149	44197	0.003591004580708823
hg38_dna	44197	44229	0.005250457856984525
hg38_dna	44229	44237	0.02025157302516689
hg38_dna	44237	44259	0.007528255180919707
hg38_dna	44259	44267	0.020255238694145916
hg38_dna	44267	44275	0.02025376134954371
hg38_dna	44275	44396	0.001571265912294173
hg38_dna	44396	44442	0.0037228363228409833
hg38_dna	44442	44621	0.0010956867758880051
hg38_dna	44621	44635	0.011595731697239486
hg38_dna	44635	44819	0.0009931217989938013
hg38_dna	44819	44832	0.012401667366962688
hg38_dna	45055	45188	-0.008379224437836674
hg38_dna	45188	45392	-0.00555949119050525
hg38_dna	45392	45526	-0.008437766420417159
hg38_dna	45526	45561	-0.03254274402967483
hg38_dna	45561	45933	-0.0017949132202033091
hg38_dna	45933	45967	-0.03258297143474986
hg38_dna	45967	46006	-0.02842165502853744
hg38_dna	46006	46014	-0.14419028638236764
hg38_dna	46014	46023	-0.12842916501452484
hg38_dna	46023	46030	-0.1648288610867359
hg38_dna	46030	46086	-0.01986945329544132
hg38_dna	46086	46094	-0.14499479007927518
hg38_dna	46094	46098	-0.28470625383955706
hg38_dna	46098	46232	-0.007655781788732607
hg38_dna	46232	46337	-0.009359740484295775
hg38_dna	46337	46664	-0.003113565137027985
hg38_dna	46664	46794	-0.008928107337971447
hg38_dna	46794	47152	-0.003123268173933935
hg38_dna	47152	47276	-0.009127946208975724
hg38_dna	47276	47441	-0.005868277356203988
hg38_dna	47441	47579	-0.005202699801083899
hg38_dna	47579	47729	-0.004056900359471705
hg38_dna	47729	47735	-0.18822498342941607
hg38_dna	47735	47773	-0.02683851398504622
hg38_dna	47773	47778	-0.22538536201550063
hg38_dna	47778	47789	-0.10179410177384796
hg38_dna	47789	47872	-0.007321514462467871
hg38_dna	47872	47880	-0.1379563701632529
hg38_dna	47880	47884	-0.2779015792818236
hg38_dna	47884	47896	-0.08933295663420893
hg38_dna	47896	47928	-0.026870391520174897
hg38_dna	47928	47936	-0.1336981509246069
hg38_dna	47998	48006	-0.026968958512954888
hg38_dna	48006	48113	0.0012656069100978051
hg38_dna	48113	48119	-0.037698035500310256
hg38_dna	48119	48166	-0.0014470952769107814
hg38_dna	48166	48189	-0.006173690122423858
hg38_dna	48189	48249	0.0001871907130830408
hg38_dna	48249	48253	-0.05755878760938926
hg38_dna	48253	48307	-0.0012109555298611685
hg38_dna	48307	48311	-0.05874284404557306
hg38_dna	48311	48324	-0.015741348126916632
hg38_dna	48324	48333	-0.0237005173850362
hg38_dna	48333	48341	-0.027196577621700246
hg38_dna	48341	48349	-0.026916914522840063
hg38_dna	48349	48388	-0.002489931245655441
hg38_dna	48388	48405	-0.011161325105141673
hg38_dna	48405	48436	-0.004747571601199763
hg38_dna	48436	48629	0.0009832779838658823
hg38_dna	48629	48631	-0.12143698311591655
hg38_dna	48631	48671	-0.00430316370081707
hg38_dna	48671	48693	-0.009103271191411633
hg38_dna	48693	48814	-0.0006451636273483441
hg38_dna	48814	48819	-0.048509994330517614
hg38_dna	48819	48847	-0.008123748582766765
hg38_dna	48847	48863	-0.015020395077702808
hg38_dna	48863	48917	-0.004298302414392774
hg38_dna	48917	48954	-0.006538615174482176
hg38_dna	48954	49145	-0.0012031133772134606
hg38_dna	49145	49163	-0.013713074750020482
hg38_dna	49163	49516	-0.0007088960878072204
hg38_dna	49516	49835	-0.0007752590137484194
hg38_dna	49835	49844	-0.027551256342711383
hg38_dna	49844	49851	-0.03542096019839858
hg38_dna	49851	49899	-0.005178292144728314
hg38_dna	49899	50012	-0.0021903736206607682
hg38_dna	50012	50040	-0.008863872944063322
hg38_dna	50040	50366	-0.0007628610281602555
hg38_dna	50366	50374	-0.03100299707547438
hg38_dna	50374	50556	-0.0013650861576388618
hg38_dna	50556	50658	-0.0024344947076195833
hg38_dna	50658	50797	-0.001772582635166664
hg38_dna	50797	50817	-0.012377390052010107
hg38_dna	50817	50873	-0.004418424329935888
hg38_dna	50873	50881	-0.03101021569419049
hg38_dna	51070	51242	0.0019604730707105666
hg38_dna	51242	51589	0.0011327970517354125
hg38_dna	51589	51605	-0.05414584289224633
hg38_dna	51605	51629	-0.03492158819528468
hg38_dna	51629	51723	-0.005982287686927101
hg38_dna	51723	51866	-0.00337422575164692
hg38_dna	51866	51870	-0.2245338435971156
hg38_dna	51870	51965	-0.006677763391846003
hg38_dna	51965	52028	-0.010783168330782633
hg38_dna	52028	52080	-0.013899231318107219
hg38_dna	52080	52287	0.003828557162669277
hg38_dna	52287	53008	0.016175369793355543
hg38_dna	53008	53095	0.0022664438805022336
hg38_dna	53095	53169	-0.006398549778514395
hg38_dna	53169	53357	-0.0009803181492935575
hg38_dna	53357	53437	-0.008663163498790372
hg38_dna	53437	53491	-0.017420103674679055
hg38_dna	53491	53557	-0.013503304742421562
hg38_dna	53557	53584	-0.02618299071473662
hg38_dna	53584	53604	-0.03998813919548727
hg38_dna	53604	53629	-0.031850594144609
hg38_dna	53629	53896	0.0031530428466370886
hg38_dna	53896	53949	-0.011372061938847988
hg38_dna	53949	53958	-0.09696806079898002
hg38_dna	53958	53966	-0.10792915956178661
hg38_dna	53990	54018	-0.017344814402200814
hg38_dna	54018	54030	-0.048660494405925014
hg38_dna	54030	54034	-0.15166673694174349
hg38_dna	54034	54038	-0.1516575860043312
hg38_dna	54038	54051	-0.04456369756654066
hg38_dna	54051	54157	-0.0069133288050173825
hg38_dna	54157	54190	-0.018602649088311107
hg38_dna	54190	54331	-0.004130690998163766
hg38_dna	54331	54455	-0.004747687846430759
hg38_dna	54455	54480	-0.02431414211212557
hg38_dna	54480	54890	0.002050287414421703
hg38_dna	54890	54941	-0.006821535102246923
hg38_dna	54941	54969	-0.017999735866968125
hg38_dna	54969	55012	-0.00867342900286383
hg38_dna	55012	55064	-0.007959292335156576
hg38_dna	55064	55072	-0.07466524965801646
hg38_dna	55072	55109	-0.014916043045628102
hg38_dna	55109	55126	-0.03605819589803483
hg38_dna	55126	55310	-0.003755688199272633
hg38_dna	55310	55399	-0.006953598071270939
hg38_dna	55399	55439	-0.015594122430016677
hg38_dna	55439	55503	-0.00984472679121784
hg38_dna	55503	55527	-0.02389647866688227
hg38_dna	55527	55575	-0.007572884113780987
hg38_dna	55575	55623	-0.005034754804984276
hg38_dna	55623	55625	-0.2901272389218277
hg38_dna	55625	55672	-0.00201754002721799
hg38_dna	55672	56315	0.009427396197111637
hg38_dna	56315	56356	-0.01146741973319143
hg38_dna	56356	56360	-0.15163984920993157
hg38_dna	56360	56420	-0.008713715607426398
hg38_dna	56420	56428	-0.07653864612989869
hg38_dna	56428	56443	-0.040312902106569126
hg38_dna	56443	56480	-0.015594854474700881
hg38_dna	56480	56490	-0.06109935949573497
hg38_dna	56490	56496	-0.10234598593145683
hg38_dna	56496	56685	-0.002722479644864162
hg38_dna	56685	56727	-0.014572043977653104
hg38_dna	56727	56740	-0.04767843573657049
hg38_dna	56740	56827	-0.006568742512132131
hg38_dna	56827	56878	-0.009351084436409529
hg38_dna	57076	57495	0.0004973228948204067
hg38_dna	57495	58437	0.03513091018439818
hg38_dna	58437	58589	0.02175799553398594
hg38_dna	58589	58901	-0.001154454372869429
hg38_dna	58901	59228	-0.004835677056419296
hg38_dna	59228	59262	-0.03337534205580517
hg38_dna	59262	59316	-0.020823370007912567
hg38_dna	59316	59320	-0.3030177630587696
hg38_dna	59320	59406	-0.013939665974116222
hg38_dna	59406	59411	-0.24761126878512063
hg38_dna	59411	59443	-0.03850078650825872
hg38_dna	59443	59561	0.0003401182367737121
hg38_dna	59561	59930	0.0584877864235569
hg38_dna	59930	59953	0.07707466676345964
hg38_dna	60029	60057	0.15362335144212658
hg38_dna	60057	60095	0.11740589669014367
hg38_dna	60095	60120	0.17173030222593644
hg38_dna	60120	60179	0.08528459361864682
hg38_dna	60179	60183	0.7757246923455274
hg38_dna	60183	60235	0.09437192630373348
hg38_dna	60235	60280	0.10674763861945946
hg38_dna	60280	60285	0.6812330799332238
hg38_dna	60285	60313	0.16123125323409582
hg38_dna	60313	60358	0.10269934261111491
hg38_dna	60358	60416	0.08732084630540493
hg38_dna	60416	60421	0.6812489921157336
hg38_dna	60421	60449	0.16040651076626045
hg38_dna	60449	60569	0.043930121742661754
hg38_dna	60569	60765	0.029339997070854995
hg38_dna	60765	60774	0.430695049743945
hg38_dna	60774	60915	0.03541361993264269
hg38_dna	60915	61296	0.015281736601207907
hg38_dna	61296	61318	0.188488810529841
hg38_dna	61318	61325	0.5295332978652305
hg38_dna	61325	61572	0.021140627444076188
hg38_dna	61572	61781	0.022654379305877548
hg38_dna	61781	61992	0.02228891746364159
hg38_dna	61992	62182	0.02442042835936098
hg38_dna	62182	62451	0.018400831175782173
hg38_dna	62451	62518	0.06420604601226065
hg38_dna	62518	62546	0.14839157580537998
hg38_dna	62546	62575	0.14330185634608616
hg38_dna	63378	63394	0.36081654202121705
hg38_dna	63394	63404	0.5400982396090885
hg38_dna	63404	63432	0.21272793278044366
hg38_dna	63432	63558	0.04707422488990298
hg38_dna	63558	63580	0.2690011575956124
hg38_dna	63580	63590	0.5407687235757406
hg38_dna	63590	63606	0.36163359635524417
hg38_dna	63606	63817	0.02969307346150174
hg38_dna	63817	63951	0.043069107217763136
hg38_dna	63951	63982	0.19556465218226915
hg38_dna	63982	64502	0.02118276897511473
hg38_dna	64502	64537	0.18505427287465226
hg38_dna	64537	64736	0.03277855452934508
hg38_dna	64736	64775	0.15392677029933033
hg38_dna	64775	65054	0.022451166019002766
hg38_dna	65054	65087	0.18278787806004715
hg38_dna	65087	65114	0.222741540438808
hg38_dna	65114	65119	0.8365456912430433
hg38_dna	65119	65228	0.056496386502000284
hg38_dna	65228	65387	0.03827583399458945
hg38_dna	65387	65637	0.025102268821886486
hg38_dna	65637	65739	0.06256857407310168
hg38_dna	65739	65883	0.04538795340957158
hg38_dna	65883	65903	0.29567409281695767
hg38_dna	65903	65925	0.2714645426753708
hg38_dna	66172	66345	0.01369306455736563
hg38_dna	66345	66463	0.01909840380960004
hg38_dna	66463	66480	-0.04732878618112979
hg38_dna	66480	66535	0.00731343507406379
hg38_dna	66535	66666	0.04190916712837334
hg38_dna	66666	66745	0.014823438548479562
hg38_dna	66745	66747	-0.5086013224082786
hg38_dna	66747	66753	-0.1759783482934585
hg38_dna	66753	66918	0.028643967204502463
hg38_dna	66918	66938	-0.018409507879062925
hg38_dna	66938	67001	0.010429181306850221
hg38_dna	67001	67083	0.000777005819531329
hg38_dna	67083	67256	-0.017697289125553572
hg38_dna	67256	67488	0.0011052327508953574
hg38_dna	67488	67787	0.003987072108759371
hg38_dna	67787	67796	-0.10582705963493333
hg38_dna	67796	67927	0.013275050497165708
hg38_dna	67927	67994	0.008100477441587373
hg38_dna	67994	68452	0.014660504233796168
hg38_dna	68452	68599	0.0036073885996628086
hg38_dna	68599	68651	-0.010968154537982944
hg38_dna	68651	68922	0.0012738706932697852
hg38_dna	68922	68938	-0.0709289491235241
hg38_dna	69013	69183	0.04079761677174609
hg38_dna	69183	69452	0.01908136830132401
hg38_dna	69452	69669	-0.00653530300580818
hg38_dna	69669	69746	0.004121234322582268
hg38_dna	69746	69789	0.005191752940258976
hg38_dna	69789	69812	0.01068381908528293
hg38_dna	69812	69918	0.012170849364303571
hg38_dna	69918	70024	0.00344455937177246
hg38_dna	70024	70048	0.010308469821285193
hg38_dna	70048	70138	0.012517955766179423
hg38_dna	70138	70292	-0.006146517538886842
hg38_dna	70292	70540	0.019145277434871488
hg38_dna	70540	70780	0.08115670772896477
hg38_dna	70780	70842	0.13454676097844054
hg38_dna	70842	71123	0.06577470306029021
hg38_dna	71123	71395	0.04056096708843837
hg38_dna	71395	71442	0.0655158684439936
hg38_dna	71442	71458	0.07383412426580893
hg38_dna	71458	71619	0.01990857123707057
hg38_dna	71619	71700	0.008241556431118013
hg38_dna	72017	72108	-0.017515498514994565
hg38_dna	72108	72151	-0.03532310838496233
hg38_dna	72151	72237	-0.017980811696847177
hg38_dna	72237	72249	-0.1286525306648909
hg38_dna	72249	72251	-0.6505666110605
hg38_dna	72251	72253	-0.6505656607558516
hg38_dna	72253	72316	-0.02463067591885104
hg38_dna	72316	72321	-0.30089034891730715
hg38_dna	72321	72432	-0.013978736626364618
hg38_dna	72432	72436	-0.36974468239926517
hg38_dna	72436	72468	-0.048470251230624095
hg38_dna	72468	72490	-0.07043686704009122
hg38_dna	72490	72524	-0.045670139486356565
hg38_dna	72524	72532	-0.19151576774012047
hg38_dna	72532	72569	-0.04198245233340847
hg38_dna	72569	73062	-0.0038373579946886505
hg38_dna	73062	73099	-0.016495391118360958
hg38_dna	73099	73270	0.015380043779163799
hg38_dna	73270	73475	0.01709567756166175
hg38_dna	73475	73522	-0.008196629100378994
hg38_dna	73522	73586	0.003087762943547734
hg38_dna	73586	74448	0.010552910460276621
hg38_dna	74448	74465	-0.08497516877125721
hg38_dna	74465	74591	-0.011402582062507216
hg38_dna	74591	74660	-0.0226663796485016
hg38_dna	74660	74665	-0.3005212366363472
hg38_dna	74665	74737	-0.021280328504919233
hg38_dna	74737	74763	-0.05927152012146286
hg38_dna	74763	74776	-0.11850239681369801
hg38_dna	74776	74793	-0.09073069239219378
hg38_dna	74793	74884	-0.015191158319755704
hg38_dna	74884	74924	-0.026766431004916047
hg38_dna	74924	74981	-0.01722042903899168
hg38_dna	75054	75069	-0.004177288030459803
hg38_dna	75069	75078	-0.008318730518622974
hg38_dna	75078	75106	-0.0014185702099067665
hg38_dna	75106	75118	-0.00593743871778174
hg38_dna	75118	75304	0.0008940496459510783
hg38_dna	75304	75337	-0.0016799603214596726
hg38_dna	75337	75343	-0.01430324997146104
hg38_dna	75343	75351	-0.010427948606250403
hg38_dna	75351	75367	-0.004592396883941641
hg38_dna	75367	75399	-0.0017573005003661546
hg38_dna	75399	75494	-7.767091719812491e-5
hg38_dna	75494	75502	-0.010877186634094649
hg38_dna	75502	75620	-0.00029738251509447977
hg38_dna	75620	75798	-0.00020565066289979228
hg38_dna	75798	75817	-0.004632014571161136
hg38_dna	75817	76061	-0.0002999296649914829
hg38_dna	76061	76406	-0.00021471771495185088
hg38_dna	76406	76431	-0.0036218336554580954
hg38_dna	76431	76490	-0.0014212228710555053
hg38_dna	76490	76796	8.091982826563537e-5
hg38_dna	76796	76804	-0.011010498125052504
hg38_dna	76804	76860	-0.0009058570996189896
hg38_dna	76860	76880	-0.0037471370111594737
hg38_dna	76880	76892	-0.00677668725463354
hg38_dna	76892	76931	-0.0014000798243187784
hg38_dna	76931	76986	-0.0007006934100415307
hg38_dna	76986	77024	-0.0013752987161823604
hg38_dna	77024	77106	0.00043266728341695426
hg38_dna	77106	77253	0.001984050045658936
hg38_dna	77253	77261	-0.008627459405686766
hg38_dna	77261	77269	-0.008491358297660012
hg38_dna	77269	77345	0.0018679784863477877
hg38_dna	77345	77349	-0.0202510423857436
hg38_dna	77349	77386	0.00019971746022218184
hg38_dna	77386	77434	0.00031826658243128136
hg38_dna	77434	77445	-0.006424852156116101
hg38_dna	77445	77490	-3.3098979962620234e-5
hg38_dna	77490	77544	0.00020764219230473557
hg38_dna	77544	77567	-0.002200595975796915
hg38_dna	77567	77569	-0.044552565228593854
hg38_dna	77569	77580	-0.006526089495082932
hg38_dna	77580	77592	-0.005821199540146038
hg38_dna	77592	77594	-0.04454957691325956
hg38_dna	77594	77624	-0.001170753195171681
hg38_dna	77624	77631	-0.011162303419258723
hg38_dna	77631	77653	-0.0017406121021885657
hg38_dna	77653	77765	0.002206159847269795
hg38_dna	77765	77797	0.0004292430748491505
hg38_dna	77797	77950	0.003303756589382978
hg38_dna	78063	78113	0.01991909937109737
hg38_dna	78113	78127	0.07103411413480742
hg38_dna	78127	78135	0.12388029871102502
hg38_dna	78135	78143	0.12388094493848367
hg38_dna	78143	78167	0.04148412374796351
hg38_dna	78167	78199	0.03112024841535188
hg38_dna	78199	78223	0.04148235687685897
hg38_dna	78223	78231	0.12387839418300306
hg38_dna	78231	78265	0.02929003146101561
hg38_dna	78265	78310	0.022133217256324667
hg38_dna	78310	78326	0.062179912651433966
hg38_dna	78326	78354	0.03556290148197183
hg38_dna	78354	78384	0.03319403588516057
hg38_dna	78384	78392	0.12387974322870843
hg38_dna	78392	78400	0.12387976628646502
hg38_dna	78400	78421	0.04740142504836342
hg38_dna	78421	78429	0.12387962089440574
hg38_dna	78429	78446	0.05853002141084618
hg38_dna	78446	78507	0.016328998512208592
hg38_dna	78507	78550	0.023162477748514654
hg38_dna	78550	78645	0.010487962516371852
hg38_dna	78645	78648	0.3203668490032485
hg38_dna	78648	78695	0.021203843274305356
hg38_dna	78695	78701	0.16452426882528703
hg38_dna	78701	78930	0.004370387725685543
hg38_dna	78930	78939	0.11025718696526132
hg38_dna	78939	79192	0.003973977790947991
hg38_dna	79192	79208	0.062223436664574194
hg38_dna	79208	79268	0.01665543512022838
hg38_dna	79268	79299	0.0321746554224247
hg38_dna	79299	79339	0.024944615415424032
hg38_dna	79339	79402	0.01584930016947217
hg38_dna	79402	79425	0.04331882787603636
hg38_dna	79425	79435	0.09932103400318715
hg38_dna	79435	79449	0.07107450349678501
hg38_dna	79449	79457	0.12391414224092623
hg38_dna	79457	79828	0.0027326874802078294
hg38_dna	79828	79832	0.24404459748270302
hg38_dna	79832	79876	0.022682227970453717
hg38_dna	79876	79908	0.031163487502126497
hg38_dna	79908	79939	0.0321760397180193
hg38_dna	79939	79979	0.0249928482174977
hg38_dna	79979	79981	0.4606558341429601
hg38_dna	79981	80140	0.006371240115850885
hg38_dna	80140	80169	0.0344068262125381
hg38_dna	80169	80689	0.002007233618540827
hg38_dna	80689	80790	0.009973350026139194
hg38_dna	80790	80942	0.006664542852514277
hg38_dna	81114	81900	0.04547378988682649
hg38_dna	81900	81987	0.008685511312524596
hg38_dna	81987	81999	-0.13681219060152738
hg38_dna	81999	82071	-0.004417414005237763
hg38_dna	82071	82079	-0.22114864589789307
hg38_dna	82079	82194	-0.006056275834056546
hg38_dna	82194	82197	-0.5804514748868148
hg38_dna	82197	82384	0.003970507890299402
hg38_dna	82384	82868	0.01614006688364311
hg38_dna	82868	83036	-0.003258988121592976
hg38_dna	83036	83091	-0.032735733082265295
hg38_dna	83091	83099	-0.250833137927974
hg38_dna	83099	83131	-0.061885435282223566
hg38_dna	83131	83137	-0.3311742032528624
hg38_dna	83137	83169	-0.06172953151496641
hg38_dna	83169	83193	-0.08286755627837938
hg38_dna	83193	83213	-0.10055302346840178
hg38_dna	83213	83229	-0.12635234114869176
hg38_dna	83229	83257	-0.07047537644728985
hg38_dna	83257	83302	-0.04264135135952474
hg38_dna	83302	83313	-0.1841453971190854
hg38_dna	83313	83366	-0.03821130450733734
hg38_dna	83366	83369	-0.6032325127346725
hg38_dna	83369	83494	-0.015219506452390785
hg38_dna	83494	83509	-0.1342605330702722
hg38_dna	83509	83660	-0.006990382462365163
hg38_dna	83660	83855	0.008457126367896528
hg38_dna	84076	84107	-0.0051388358661783595
hg38_dna	84107	84234	0.0025123313630688315
hg38_dna	84234	84273	-0.0035530932558209827
hg38_dna	84273	84436	0.0005327241209318601
hg38_dna	84436	84569	-0.0015782983015881769
hg38_dna	84569	84582	-0.023821255836694588
hg38_dna	84582	84746	-0.0015807129758165228
hg38_dna	84746	84756	-0.0314985335961091
hg38_dna	84756	84814	-0.005286804849729876
hg38_dna	84814	84853	-0.007943209565954179
hg38_dna	84853	84921	-0.004485637937220011
hg38_dna	84921	84928	-0.0450629698849323
hg38_dna	84928	84951	-0.01355463959816472
hg38_dna	84951	84953	-0.1567472389008353
hg38_dna	84953	84984	-0.009872236306587068
hg38_dna	84984	85091	-0.00255825370812901
hg38_dna	85091	85105	-0.022220753168462615
hg38_dna	85105	85154	-0.006062496249742422
hg38_dna	85154	85220	-0.004393004680496526
hg38_dna	85220	85263	-0.006679467781034898
hg38_dna	85263	85518	-3.046003918649731e-6
hg38_dna	85518	85521	-0.10359854203802477
hg38_dna	85521	85823	-0.0005541908648190041
hg38_dna	85823	85871	-0.006511947390008155
hg38_dna	85871	85897	-0.0121428917016273
hg38_dna	85897	85921	-0.013248341856878953
hg38_dna	85921	85929	-0.03954617348892797
hg38_dna	85929	85999	-0.004481746352563043
hg38_dna	85999	86047	-0.006603749052361385
hg38_dna	86047	86055	-0.03959385363497514
hg38_dna	86055	86088	-0.009556240919069925
hg38_dna	86088	86119	-0.010176798525146191
hg38_dna	86119	86133	-0.022586431120766193
hg38_dna	86133	86177	-0.0071574995534644525
hg38_dna	86177	86187	-0.031636387957884704
hg38_dna	86187	86193	-0.052727067918780346
hg38_dna	86193	86199	-0.05272583865538727
hg38_dna	86199	86369	-0.001730707486258698
hg38_dna	86369	86410	-0.00732451001539558
hg38_dna	86410	86418	-0.03917644432844303
hg38_dna	86418	86504	-0.003550075222894744
hg38_dna	86504	86546	-0.007497864862030967
hg38_dna	86546	86706	-0.0023047416476251747
hg38_dna	86706	86753	-0.004477051216537964
hg38_dna	86753	86830	-0.0021928945384015464
hg38_dna	86830	86879	-0.0048284129708142665
hg38_dna	86879	86902	-0.012127375216832492
hg38_dna	86902	86977	-0.0023038412476596992
hg38_dna	87053	87294	-0.000448682623993113
hg38_dna	87294	87352	-0.004162278219864923
hg38_dna	87352	87416	-0.003780525572216531
hg38_dna	87416	87518	-0.002334257140309326
hg38_dna	87518	87547	-0.008158879013292708
hg38_dna	87547	87551	-0.059104362332438765
hg38_dna	87551	87596	-0.005256950963402618
hg38_dna	87596	87607	-0.021512419859873733
hg38_dna	87607	87621	-0.016886428649280028
hg38_dna	87621	87641	-0.011612291331200897
hg38_dna	87641	87686	-0.004676337988705148
hg38_dna	87686	87698	-0.01885879893926612
hg38_dna	87698	87750	-0.00370585733696438
hg38_dna	87750	87774	-0.009009365224015076
hg38_dna	87774	87788	-0.01605175046101004
hg38_dna	87788	87804	-0.01422059980486634
hg38_dna	87804	87812	-0.029193949291107968
hg38_dna	87812	87820	-0.02900006549243561
hg38_dna	87820	87942	-0.0005607482601279745
hg38_dna	87942	87982	-0.0036237718542526665
hg38_dna	87982	88070	-0.0017226679629582797
hg38_dna	88070	88116	-0.005106329197026582
hg38_dna	88116	88132	-0.014805678941906208
hg38_dna	88132	88156	-0.009740290004770058
hg38_dna	88156	88311	-0.0003634657679583153
hg38_dna	88311	88325	-0.010645664593005533
hg38_dna	88325	88332	-0.025830024955922237
hg38_dna	88332	88369	0.00058767621464062
hg38_dna	88369	88385	-0.009754534421316574
hg38_dna	88385	88846	0.004416256756605286
hg38_dna	88846	88868	-0.004408360201611616
hg38_dna	88868	88876	-0.02246504929190296
hg38_dna	88876	88893	-0.005228073101858355
hg38_dna	88893	88956	0.0048471456266581114
hg38_dna	88956	88964	-0.021958950203907257
hg38_dna	88964	88968	-0.0512468065764522
hg38_dna	88968	89086	0.003202876314746028
hg38_dna	89086	89096	-0.019905700709487162
hg38_dna	89096	89102	-0.03560148355860959
hg38_dna	89102	89439	-0.000821709957116612
hg38_dna	89439	89485	-0.005194341085376086
hg38_dna	89485	89517	-0.00696871921147868
hg38_dna	89517	89569	-0.004434441765434949
hg38_dna	89569	89606	-0.0061497839553870115
hg38_dna	89606	89613	-0.0326088507590514
hg38_dna	89613	89622	-0.025118328758203523
hg38_dna	89622	89650	-0.0072749772040481275
hg38_dna	89650	89660	-0.022868343678073444
hg38_dna	89660	89662	-0.11720419986173702
hg38_dna	89662	89666	-0.05852285005144031
hg38_dna	89666	89699	-0.006541747903414885
hg38_dna	89699	89812	-0.0015099310924973075
hg38_dna	89812	89814	-0.11714884623525457
hg38_dna	89814	89912	-0.0018265817747458168
hg38_dna	89993	90027	-0.025815869300005678
hg38_dna	90027	90156	-0.010011021207517956
hg38_dna	90156	90426	0.02179864603278059
hg38_dna	90426	90943	0.02981245242334607
hg38_dna	90943	91036	-0.0017314418236158424
hg38_dna	91036	91229	-0.0019393640060469952
hg38_dna	91229	91245	-0.056593471199736234
hg38_dna	91245	91273	-0.03162821419644657
hg38_dna	91273	91303	-0.029311836333886454
hg38_dna	91303	91374	-0.011262459404890013
hg38_dna	91374	91420	-0.019573190849430766
hg38_dna	91420	91430	-0.09315336971983212
hg38_dna	91430	91437	-0.1327873904556507
hg38_dna	91437	91484	-0.019641409354778316
hg38_dna	91484	91492	-0.11627235436634331
hg38_dna	91492	91618	-0.007542282600952355
hg38_dna	91618	91912	-0.0038436377681168032
hg38_dna	91912	91969	0.00663641981323515
hg38_dna	91969	92074	0.02362033790850715
hg38_dna	92074	92078	-0.18508833937111824
hg38_dna	92078	92486	0.009444694336335768
hg38_dna	92486	92585	-0.0023763515333707907
hg38_dna	92585	92591	-0.14111836107664089
hg38_dna	92591	92667	-0.0021249678756138923
hg38_dna	92667	92671	-0.22042696056894995
hg38_dna	92671	92679	-0.11162270117401563
hg38_dna	92679	92683	-0.2228939246107351
hg38_dna	92683	92695	-0.07103098434160526
hg38_dna	92695	92732	-0.01708493227536767
hg38_dna	92732	92765	-0.01957696271295961
hg38_dna	93167	93280	-0.007324862158570866
hg38_dna	93280	93302	-0.04894375785856031
hg38_dna	93302	93306	-0.2671958435691324
hg38_dna	93306	93314	-0.13564653234665758
hg38_dna	93314	93402	-0.01131624069924242
hg38_dna	93402	93473	-0.014216751513164816
hg38_dna	93473	93510	-0.028130325021759495
hg38_dna	93510	93515	-0.21454824511929105
hg38_dna	93515	93519	-0.266295132544349
hg38_dna	93519	93540	-0.0502320455352534
hg38_dna	93540	93568	-0.03667367718035397
hg38_dna	93568	93615	-0.020800290370157404
hg38_dna	93615	93657	-0.023788530493272786
hg38_dna	93657	93666	-0.119102097117884
hg38_dna	93666	93678	-0.08976316119293859
hg38_dna	93678	93697	-0.05720036655346261
hg38_dna	93697	93699	-0.4995271459637567
hg38_dna	93699	93721	-0.049248495931150105
hg38_dna	93721	93989	-0.003935452670756234
hg38_dna	93989	94411	-0.0030837727904193812
hg38_dna	94411	94419	-0.12581485819403393
hg38_dna	94419	94449	-0.03133289650202786
hg38_dna	94449	94466	-0.05928819419074283
hg38_dna	94466	94505	-0.02169608016307678
hg38_dna	94505	94692	-0.004794686516826685
hg38_dna	94692	94736	-0.02521276011129925
hg38_dna	94736	94860	-0.008122102380535123
hg38_dna	94860	94912	-0.020184438228207924
hg38_dna	94912	94914	-0.49989015805118053
hg38_dna	94914	94928	-0.07838047812155535
hg38_dna	94928	95021	-0.011964589571282547
hg38_dna	95021	95025	-0.26659798508110333
hg38_dna	95025	95037	-0.09004112692077437
hg38_dna	95037	95078	-0.02508578962218877
hg38_dna	95078	95117	-0.026361905645313266
hg38_dna	95117	95199	-0.01113927935489678
hg38_dna	95199	95209	-0.10619572791629062
hg38_dna	95209	95241	-0.030351339421643253
hg38_dna	95241	95750	0.012615133121687272
hg38_dna	95750	95901	0.033278024075973356
hg38_dna	96092	96146	0.009305728196868479
hg38_dna	96146	96491	0.007913590957037364
hg38_dna	96491	96495	-0.13746868650786248
hg38_dna	96495	96497	-0.273735134172147
hg38_dna	96497	96507	-0.052573598970469426
hg38_dna	96507	96535	-0.015332343728950537
hg38_dna	96535	96544	-0.05860181326772129
hg38_dna	96544	96551	-0.0765581095450405
hg38_dna	96551	96585	-0.012465271653847365
hg38_dna	96585	96596	-0.047355669988313975
hg38_dna	96596	96625	-0.01597568831515539
hg38_dna	96625	96629	-0.13826855234754865
hg38_dna	96629	96641	-0.044139198665690715
hg38_dna	96641	96669	-0.016567986501317078
hg38_dna	96669	96685	-0.032119859589359034
hg38_dna	96685	96693	-0.06807031014004261
hg38_dna	96693	96700	-0.07817140321762928
hg38_dna	96700	96717	-0.03056314558200368
hg38_dna	96717	96725	-0.06825851135409544
hg38_dna	96725	96738	-0.04107953505585238
hg38_dna	96738	96755	-0.031086252373754952
hg38_dna	96755	96763	-0.06881853952913697
hg38_dna	96763	96805	-0.011488512532169981
hg38_dna	96805	96817	-0.04575814698661751
hg38_dna	96817	96836	-0.028664326879474178
hg38_dna	96836	96841	-0.11250639048094624
hg38_dna	96841	96852	-0.05058905588672147
hg38_dna	96852	96884	-0.016622481111242315
hg38_dna	96884	96924	-0.013381366579397813
hg38_dna	96924	96930	-0.09433073613715459
hg38_dna	96930	96936	-0.09450609240127239
hg38_dna	96936	96940	-0.14141699666173113
hg38_dna	96940	96982	-0.013063445004806606
hg38_dna	96982	97005	-0.024162485402283274
hg38_dna	97005	97030	-0.02191258949140673
hg38_dna	97030	97052	-0.024724029834241046
hg38_dna	97052	97081	-0.018105802312350372
hg38_dna	97081	97101	-0.026939876924076733
hg38_dna	97101	97105	-0.14009116984651548
hg38_dna	97105	97150	-0.010818719576592528
hg38_dna	97150	97175	-0.020407338573634082
hg38_dna	97175	97206	-0.015387112421903382
hg38_dna	97206	97235	-0.015787558005901703
hg38_dna	97235	97251	-0.03119898598952231
hg38_dna	97251	97271	-0.02343786916851065
hg38_dna	97271	97303	-0.012594049288255471
hg38_dna	97303	97310	-0.0757085171553975
hg38_dna	97310	97333	-0.018854140008624842
hg38_dna	97333	97365	-0.011083938397998594
hg38_dna	97365	97371	-0.08686524074069979
hg38_dna	97371	97416	-0.005185850299101347
hg38_dna	97416	97426	-0.04816857395668772
hg38_dna	97426	97447	-0.017372285513959973
hg38_dna	97447	97486	-0.0031046770303551074
hg38_dna	97486	97580	0.006755555431147808
hg38_dna	97580	97611	-0.0034251628553978453
hg38_dna	97611	97635	-0.00748417144936786
hg38_dna	97635	98135	0.020822000579591826
hg38_dna	98135	98392	0.02660699552006296
hg38_dna	98392	98776	0.022046755694508313
hg38_dna	98776	98821	0.007840770544073283
hg38_dna	98821	98866	0.005991400102860034
hg38_dna	98866	98877	-0.03337188958633641
hg38_dna	98877	98917	0.0013257664762407195
hg38_dna	98917	98921	-0.1237235204372451
hg38_dna	98921	98985	0.007531340435216638
hg38_dna	99015	99017	0.5382779563378768
hg38_dna	99017	99114	0.016584759144718575
hg38_dna	99114	99162	0.02703380077478945
hg38_dna	99162	99213	0.02525032779393621
hg38_dna	99213	99336	0.012018213456556293
hg38_dna	99336	99342	0.19892826489054505
hg38_dna	99342	99399	0.02384578453431585
hg38_dna	99399	99510	0.014218877807690156
hg38_dna	99510	99573	0.02381132723649504
hg38_dna	99573	99587	0.0898935215492398
hg38_dna	99587	99641	0.027672457314393828
hg38_dna	99641	99647	0.2013184002165116
hg38_dna	99647	99788	0.014140581575031064
hg38_dna	99788	100079	0.012145448645458856
hg38_dna	100079	100081	0.5399513052482607
hg38_dna	100081	100260	0.014676102622463105
hg38_dna	100260	100400	0.01151371256710032
hg38_dna	100400	100479	0.016312508536908243
hg38_dna	100479	100509	0.04043030751608301
hg38_dna	100509	100571	0.019585974760358393
hg38_dna	100571	100593	0.054619973505355635
hg38_dna	100593	100614	0.05713855727308337
hg38_dna	100614	100628	0.0853888523560844
hg38_dna	100628	100745	0.010103459958351824
hg38_dna	100745	100791	0.026213655461529317
hg38_dna	100791	100799	0.14872623600756896
hg38_dna	100799	100821	0.054770494422349714
hg38_dna	100821	100823	0.536289161638523
hg38_dna	100823	100829	0.19736961606813974
hg38_dna	100829	100846	0.07074625414531654
hg38_dna	100846	100853	0.16977608624388196
hg38_dna	100853	100863	0.11964641250166563
hg38_dna	100863	100898	0.03522461533196797
hg38_dna	100898	100906	0.15027339549950947
hg38_dna	100906	100910	0.29203361143848383
hg38_dna	100910	100938	0.04523924273948454
hg38_dna	100938	100951	0.09460848499797647
hg38_dna	100951	100993	0.03269761753817857
hg38_dna	100993	100996	0.3816614110401315
hg38_dna	100996	101046	0.028434979965673346
hg38_dna	101046	101060	0.08871713207659715
hg38_dna	101060	101092	0.04203452911661554
hg38_dna	101092	101101	0.13825481008061136
hg38_dna	101101	101103	0.5390677561462205
hg38_dna	101103	101139	0.03927301168994157
hg38_dna	101139	101146	0.17252579668893375
hg38_dna	101146	101160	0.08911788363384643
hg38_dna	101160	101173	0.09545738185864883
hg38_dna	101173	101200	0.04851171779636765
hg38_dna	101200	101218	0.07073328971153181
hg38_dna	101218	101261	0.03250569792117641
hg38_dna	101261	101309	0.029442930136919898
hg38_dna	101309	101351	0.03247163617996485
hg38_dna	101351	101368	0.07409297607470355
hg38_dna	101368	101376	0.15328646918417643
hg38_dna	101376	101379	0.38367435353684565
hg38_dna	101379	101381	0.5394759488648515
hg38_dna	101381	101387	0.2019314521488882
hg38_dna	101387	101413	0.05100570671353255
hg38_dna	101413	101415	0.5377571365365585
hg38_dna	101415	101423	0.15216579945795328
hg38_dna	101423	101431	0.15139411907448963
hg38_dna	101431	101449	0.06915055050396113
hg38_dna	101449	101474	0.05033500470688512
hg38_dna	101474	101521	0.02822158930466534
hg38_dna	101521	101528	0.17153553108584818
hg38_dna	101528	101560	0.04022947889213313
hg38_dna	101560	101567	0.17145543798673968
hg38_dna	101567	101583	0.07679878276590113
hg38_dna	101583	101652	0.01916812164122783
hg38_dna	101652	101681	0.04276843004877051
hg38_dna	101681	101694	0.09341226228699595
hg38_dna	101694	101717	0.05380013874418399
hg38_dna	101717	101749	0.039057465576221695
hg38_dna	101749	101773	0.051991366464758215
hg38_dna	101773	101834	0.023581708870517026
hg38_dna	101834	101839	0.23866751211291914
hg38_dna	101839	101855	0.0796411457354802
hg38_dna	101855	101912	0.02493933597491571
hg38_dna	101912	101927	0.08243912781652973
hg38_dna	101927	101959	0.04141626702073031
hg38_dna	101959	101961	0.5378278046555054
