hg38_dna	20988	21321	0.998750803233608
hg38_dna	21321	21655	0.9992749344098624
hg38_dna	21655	21989	0.9320326645530204
hg38_dna	21989	22322	0.9955022033318379
hg38_dna	22322	22655	0.9981578856901612
hg38_dna	22655	22988	0.9994377560246016
hg38_dna	22988	23321	0.9674061782514367
hg38_dna	23321	23654	0.9989458731211784
hg38_dna	23654	23987	0.9995932834652466
hg38_dna	23988	24320	0.9965072679858216
hg38_dna	24320	24653	0.9981951086818817
hg38_dna	24653	24986	0.9991487866199326
hg38_dna	24986	25319	0.9990630396882026
hg38_dna	25319	25652	0.9990693716625922
hg38_dna	25652	25985	0.9990466287892225
hg38_dna	25985	26318	0.9991761595413214
hg38_dna	26318	26650	0.9969130232528747
hg38_dna	26650	26982	0.9974001296363973
hg38_dna	26983	27316	0.9992933729196197
hg38_dna	27650	27984	0.9020326032935152
hg38_dna	28317	28650	0.9992896540959411
hg38_dna	28650	28983	0.9949555931707561
hg38_dna	28983	29316	0.9973280596606485
hg38_dna	29316	29649	0.9356495071021029
hg38_dna	29649	29982	0.9196200522608956
hg38_dna	29983	30316	0.9968766747787451
hg38_dna	30316	30650	0.9984026936945025
hg38_dna	30650	30984	0.9925238088259594
hg38_dna	30984	31318	0.8207026791752318
hg38_dna	31318	31652	0.9975480109746554
hg38_dna	31652	31986	0.9969784249297842
hg38_dna	31986	32319	0.9779032720316577
hg38_dna	32319	32652	0.9653355658400813
hg38_dna	32652	32985	0.9464282486848117
hg38_dna	32986	33319	0.9995004851843337
hg38_dna	33319	33653	0.9992184029276009
hg38_dna	33653	33987	0.9991687833760845
hg38_dna	34320	34653	0.9993097730881639
hg38_dna	34653	34986	0.9993393472971575
hg38_dna	34986	35319	0.9993707913917945
hg38_dna	35319	35652	0.9989181010020595
hg38_dna	35652	35985	0.9993367178720309
hg38_dna	35986	36319	0.8557496417922094
hg38_dna	36319	36653	0.9838200996104092
hg38_dna	36653	36987	0.9772429268551306
hg38_dna	36987	37321	0.6826213491105224
hg38_dna	37321	37655	0.9679556343060469
hg38_dna	37655	37988	0.840539001279271
hg38_dna	37988	38321	0.9493911910289055
hg38_dna	38321	38654	0.9154460057758845
hg38_dna	38654	38987	0.9770395157557701
hg38_dna	38988	39321	0.9979581385378138
hg38_dna	39321	39655	0.9992173437310338
hg38_dna	39655	39989	0.9957500895847841
hg38_dna	39989	40322	0.9906658688079802
hg38_dna	40655	40988	0.9995335536275961
hg38_dna	40988	41321	0.9995206392531479
hg38_dna	41321	41654	0.9965467788969844
hg38_dna	41654	41987	0.9998034422129473
hg38_dna	41988	42321	0.9999136224817602
hg38_dna	42321	42655	0.9998698775172623
hg38_dna	42655	42989	0.9991966967375056
hg38_dna	42989	43322	0.999577160190081
hg38_dna	43322	43655	0.9991824330687106
hg38_dna	43655	43988	0.9996034366891724
hg38_dna	43988	44321	0.9993734577014329
hg38_dna	44321	44654	0.9998257990905018
hg38_dna	44654	44987	0.9998793737110757
hg38_dna	44988	45321	0.999638472068511
hg38_dna	45321	45655	0.9992179901583547
hg38_dna	45655	45989	0.9982342885983265
hg38_dna	45989	46322	0.9838521430455828
hg38_dna	46322	46655	0.9985571284855574
hg38_dna	46655	46988	0.9998884651699905
hg38_dna	46988	47321	0.9996928135739815
hg38_dna	47321	47654	0.9975957636286464
hg38_dna	47654	47987	0.980199928713956
hg38_dna	47988	48321	0.9965898668660904
hg38_dna	48321	48655	0.996288501250974
hg38_dna	48655	48989	0.9990547391264311
hg38_dna	48989	49322	0.9998809060959599
hg38_dna	49322	49655	0.9999996330371196
hg38_dna	49655	49988	0.9996235310135186
hg38_dna	49988	50321	0.9999694708194736
hg38_dna	50321	50654	0.9997656810657009
hg38_dna	50654	50987	0.9998258049701385
hg38_dna	50988	51320	0.9937471670248668
hg38_dna	51320	51653	0.9962737801556356
hg38_dna	51653	51986	0.988271507526824
hg38_dna	51986	52319	0.9938466139740154
hg38_dna	52985	53318	0.9925933026110059
hg38_dna	53318	53651	0.9962167474787247
hg38_dna	53651	53984	0.9911648175361192
hg38_dna	53985	54318	0.9932274276321523
hg38_dna	54318	54652	0.9993817677446803
hg38_dna	54652	54986	0.9955330432492052
hg38_dna	54986	55319	0.9974672573630636
hg38_dna	55319	55652	0.9877529574326048
hg38_dna	55652	55985	0.9866910881363377
hg38_dna	55985	56318	0.9957747693978555
hg38_dna	56318	56651	0.994759408945808
hg38_dna	56651	56984	0.9984436028462991
hg38_dna	56985	57318	0.9998154157457543
hg38_dna	57318	57652	0.9674674492112836
hg38_dna	58319	58652	0.97851715114324
hg38_dna	58652	58985	0.9998113698650264
hg38_dna	58985	59318	0.9973843113661625
hg38_dna	59318	59651	0.9852949437479162
hg38_dna	59651	59984	0.9114055475919578
hg38_dna	59985	60318	0.8967001438444566
hg38_dna	60318	60652	0.9125734605974588
hg38_dna	60652	60986	0.9492954705271621
hg38_dna	60986	61319	0.983216627523861
hg38_dna	61319	61652	0.9961634527518786
hg38_dna	61652	61985	0.9976237135220555
hg38_dna	61985	62318	0.9976901180198819
hg38_dna	62318	62651	0.9894032425768856
hg38_dna	63318	63652	0.9087967486369974
hg38_dna	63652	63986	0.9882100140237929
hg38_dna	64319	64652	0.9752890727966574
hg38_dna	64652	64985	0.9911629775120753
hg38_dna	64985	65318	0.8677522239406373
hg38_dna	65318	65651	0.9983343447693435
hg38_dna	65651	65984	0.9674462885478698
hg38_dna	65985	66318	0.9927947056087729
hg38_dna	66318	66652	0.977329782731355
hg38_dna	66652	66986	0.9380417433692981
hg38_dna	66986	67319	0.9893206979820084
hg38_dna	67319	67652	0.997742507869772
hg38_dna	67652	67985	0.9805677856325706
hg38_dna	67985	68318	0.9818150899303615
hg38_dna	68318	68651	0.9916601498783996
hg38_dna	68651	68984	0.9945964077617965
hg38_dna	68985	69318	0.9685896652536589
hg38_dna	69318	69652	0.99597442670683
hg38_dna	69652	69986	0.9955217965881761
hg38_dna	69986	70319	0.995265573800706
hg38_dna	70319	70652	0.9560309806651698
hg38_dna	70652	70985	0.9003240944639005
hg38_dna	70985	71318	0.9810731751477579
hg38_dna	71318	71651	0.9652867943882982
hg38_dna	71651	71984	0.9959634277070969
hg38_dna	71985	72318	0.9151979764757417
hg38_dna	72318	72652	0.9829927812279833
hg38_dna	72986	73320	0.9822633122768074
hg38_dna	73320	73654	0.9811884698483949
hg38_dna	74322	74655	0.9955080547115667
hg38_dna	74655	74988	0.9878154834311561
hg38_dna	74989	75322	0.9986857078487404
hg38_dna	75322	75656	0.9992515945102464
hg38_dna	75656	75990	0.9997926772143104
hg38_dna	75990	76323	0.9999792258260792
hg38_dna	76323	76656	0.9998880348137035
hg38_dna	76656	76989	0.9993458033614419
hg38_dna	76989	77322	0.998151039464156
hg38_dna	77322	77655	0.9981760255538362
hg38_dna	77655	77988	0.9972928450305196
hg38_dna	77989	78322	0.9962374125018316
hg38_dna	78322	78656	0.9904053350943094
hg38_dna	78656	78990	0.9928822805718731
hg38_dna	78990	79323	0.9990281172036455
hg38_dna	79323	79656	0.9960700072097338
hg38_dna	79656	79989	0.9707153150460093
hg38_dna	79989	80322	0.9995202259691887
hg38_dna	80655	80988	0.9998851159346124
hg38_dna	80989	81322	0.9556499265693901
hg38_dna	81656	81990	0.9766903791869078
hg38_dna	81990	82323	0.9245240740577101
hg38_dna	82323	82656	0.9751675463696342
hg38_dna	82656	82989	0.9913067197359243
hg38_dna	82989	83322	0.9810105274981168
hg38_dna	83322	83655	0.9242289004988632
hg38_dna	83655	83988	0.9848536767670361
hg38_dna	83989	84322	0.9965045380532532
hg38_dna	84322	84656	0.9991931448174677
hg38_dna	84656	84990	0.9975746223186283
hg38_dna	84990	85323	0.9995130498411169
hg38_dna	85323	85656	0.995046113983324
hg38_dna	85656	85989	0.9996690136404411
hg38_dna	85989	86322	0.9993261745509586
hg38_dna	86322	86655	0.9995703964462739
hg38_dna	86655	86988	0.9985708323632763
hg38_dna	86989	87322	0.9981169511811948
hg38_dna	87322	87656	0.9995824466528751
hg38_dna	87656	87989	0.9990584026322814
hg38_dna	87989	88322	0.999129830151589
hg38_dna	88322	88655	0.9952357093189953
hg38_dna	88655	88988	0.9941639274618362
hg38_dna	88988	89321	0.9968941518684868
hg38_dna	89321	89654	0.9993166338108289
hg38_dna	89654	89987	0.9963692971901896
hg38_dna	89988	90321	0.99671913953454
hg38_dna	90321	90655	0.9487923980988288
hg38_dna	90655	90989	0.9897883796229818
hg38_dna	90989	91322	0.9975035908170863
hg38_dna	91322	91655	0.99542482289935
hg38_dna	91655	91988	0.981813232356933
hg38_dna	91988	92321	0.9615482615470909
hg38_dna	92321	92654	0.9882915226999754
hg38_dna	92654	92987	0.9821780366758426
hg38_dna	92988	93321	0.9852779849992267
hg38_dna	93321	93655	0.9874236268121074
hg38_dna	93655	93989	0.9642489196534382
hg38_dna	93989	94322	0.9999848665894543
hg38_dna	94322	94655	0.9913994884262766
hg38_dna	94655	94988	0.967344365787106
hg38_dna	94988	95321	0.9897705630013085
hg38_dna	95654	95987	0.9709429685169149
hg38_dna	95988	96321	0.9858020913026688
hg38_dna	96321	96655	0.9888998366486452
hg38_dna	96655	96989	0.9956208064891946
hg38_dna	96989	97323	0.9962354687701195
hg38_dna	97323	97657	0.9914878986369354
hg38_dna	97991	98325	0.9780341256516579
hg38_dna	98325	98659	0.9802886907046178
hg38_dna	98659	98992	0.9852395851497898
hg38_dna	98993	99326	0.9534116750385434
hg38_dna	99326	99660	0.9888844027969935
hg38_dna	99660	99994	0.9963243579136606
hg38_dna	99994	100327	0.9207361543228096
hg38_dna	100327	100660	0.9979863918063402
hg38_dna	100660	100993	0.9715228563847087
hg38_dna	100993	101326	0.9707648262718964
hg38_dna	101326	101659	0.9593109886437237
hg38_dna	101659	101992	0.9740727561087718
