hg38_dna	155510	155842	0.9667
hg38_dna	155842	156175	0.9843
hg38_dna	156175	156508	0.9999
hg38_dna	156508	156841	0.9991
hg38_dna	156841	157174	0.9006
hg38_dna	157174	157507	0.9916
hg38_dna	157507	157839	0.9508
hg38_dna	157839	158171	0.9925
hg38_dna	158171	158503	0.9337
hg38_dna	158504	158837	0.8719
hg38_dna	158837	159171	0.999
hg38_dna	159171	159505	0.9934
hg38_dna	159505	159838	0.9968
hg38_dna	159838	160171	0.9895
hg38_dna	160171	160504	0.9996
hg38_dna	160504	160837	0.8775
hg38_dna	160837	161170	0.9371
hg38_dna	161170	161503	0.9979
hg38_dna	161504	161837	0.9994
hg38_dna	161837	162171	0.9867
hg38_dna	162171	162505	0.991
hg38_dna	162505	162838	0.9945
hg38_dna	162838	163171	0.9998
hg38_dna	163171	163504	0.9988
hg38_dna	163504	163837	0.9969
hg38_dna	163837	164170	0.9911
hg38_dna	164170	164503	0.9911
hg38_dna	164504	164837	0.9688
hg38_dna	164837	165171	0.9984
hg38_dna	165171	165505	0.999
hg38_dna	165505	165838	0.9986
hg38_dna	165838	166171	0.999
hg38_dna	166171	166504	0.9996
hg38_dna	166504	166837	0.9551
hg38_dna	166837	167170	0.9985
hg38_dna	167170	167503	0.9988
hg38_dna	167504	167837	0.9979
hg38_dna	167837	168171	0.9997
hg38_dna	168505	168838	0.9988
hg38_dna	168838	169171	0.9927
hg38_dna	169171	169504	0.9979
hg38_dna	169837	170170	0.9999
hg38_dna	170170	170503	0.9999
hg38_dna	170504	170837	0.9994
hg38_dna	170837	171171	0.9059
hg38_dna	171171	171505	0.7796
hg38_dna	171505	171838	0.9999
hg38_dna	172171	172504	0.8243
hg38_dna	172504	172837	0.7419
hg38_dna	172837	173170	1.0
hg38_dna	173170	173503	0.9946
hg38_dna	173504	173837	0.9962
hg38_dna	173837	174171	0.9811
hg38_dna	174171	174505	0.8977
hg38_dna	174505	174838	0.9945
hg38_dna	174838	175171	0.9999
hg38_dna	175171	175504	0.9959
hg38_dna	175504	175837	0.8967
hg38_dna	175837	176170	0.999
hg38_dna	176170	176503	0.9953
hg38_dna	176504	176837	0.9969
hg38_dna	176837	177171	0.9951
hg38_dna	177171	177505	0.9948
hg38_dna	177505	177838	0.9969
hg38_dna	177838	178171	0.9983
hg38_dna	178171	178504	0.9965
hg38_dna	178504	178837	0.9984
hg38_dna	178837	179170	0.9943
hg38_dna	179170	179503	0.9937
hg38_dna	179504	179837	0.9996
hg38_dna	179837	180171	0.9973
hg38_dna	180505	180839	0.9991
hg38_dna	180839	181173	0.9881
hg38_dna	181173	181506	0.9994
hg38_dna	181506	181839	0.9745
hg38_dna	181839	182172	0.9997
hg38_dna	182172	182505	0.9947
hg38_dna	182839	183173	0.9902
hg38_dna	183173	183507	0.9505
hg38_dna	183507	183840	0.9746
hg38_dna	183840	184173	0.9532
hg38_dna	184173	184506	0.9907
hg38_dna	184506	184839	0.9843
hg38_dna	184839	185172	0.991
hg38_dna	185172	185505	0.9893
hg38_dna	185506	185839	0.9962
hg38_dna	185839	186173	0.9503
hg38_dna	186173	186507	0.9942
hg38_dna	186507	186840	0.9995
hg38_dna	186840	187173	0.9996
hg38_dna	187173	187506	0.9665
hg38_dna	187506	187839	0.9924
hg38_dna	187839	188172	0.9743
hg38_dna	188172	188505	0.9963
hg38_dna	188506	188839	0.9988
hg38_dna	188839	189173	0.9995
hg38_dna	189173	189507	0.9999
hg38_dna	189507	189840	1.0
hg38_dna	189840	190173	1.0
hg38_dna	190173	190506	1.0
hg38_dna	190506	190839	0.9995
hg38_dna	190839	191172	0.9999
hg38_dna	191172	191505	1.0
hg38_dna	191506	191839	0.9999
hg38_dna	191839	192173	0.9999
hg38_dna	192173	192507	0.9823
hg38_dna	192507	192840	0.9926
hg38_dna	192840	193173	0.9831
hg38_dna	193173	193506	0.9659
hg38_dna	193506	193839	0.999
hg38_dna	193839	194172	0.9999
hg38_dna	194172	194505	0.9885
hg38_dna	194506	194839	0.9899
hg38_dna	194839	195173	0.9483
hg38_dna	195173	195507	0.9752
hg38_dna	195507	195840	0.9887
hg38_dna	195840	196173	0.994
hg38_dna	196173	196506	0.9366
hg38_dna	196506	196839	0.9932
hg38_dna	196839	197172	0.9863
hg38_dna	197506	197839	0.9999
hg38_dna	197839	198173	0.9997
hg38_dna	198173	198507	0.9991
hg38_dna	198507	198840	0.9991
hg38_dna	198840	199173	0.9995
hg38_dna	199506	199839	0.9996
hg38_dna	199839	200172	0.9994
hg38_dna	200172	200505	0.9998
hg38_dna	200839	201173	0.9961
hg38_dna	201173	201507	0.9982
hg38_dna	201507	201840	0.9506
hg38_dna	201840	202173	0.8761
hg38_dna	202839	203172	0.8936
hg38_dna	203172	203505	0.8935
hg38_dna	203506	203839	0.9969
hg38_dna	203839	204173	0.9094
hg38_dna	204173	204507	0.9997
hg38_dna	204507	204840	0.9504
hg38_dna	204840	205173	0.9328
hg38_dna	205173	205506	0.9705
hg38_dna	205506	205839	0.9989
hg38_dna	205839	206172	0.9421
hg38_dna	206172	206505	0.9963
hg38_dna	206506	206839	0.9917
hg38_dna	206839	207173	0.9906
hg38_dna	207173	207507	0.99
hg38_dna	207840	208173	0.9942
hg38_dna	208173	208506	0.9963
hg38_dna	208506	208839	0.994
hg38_dna	208839	209172	0.9868
hg38_dna	209172	209505	0.9973
hg38_dna	209506	209839	0.9996
hg38_dna	209839	210173	0.9999
hg38_dna	210173	210507	0.9994
hg38_dna	210507	210840	0.9995
hg38_dna	210840	211173	0.9999
hg38_dna	211173	211506	0.9996
hg38_dna	211506	211839	0.9999
hg38_dna	211839	212172	0.999
hg38_dna	212172	212505	0.998
hg38_dna	212506	212839	0.9951
hg38_dna	212839	213173	0.9959
hg38_dna	213173	213507	0.9925
hg38_dna	213507	213840	0.9785
hg38_dna	213840	214173	0.9935
hg38_dna	214173	214506	0.9788
hg38_dna	214506	214839	0.9814
hg38_dna	214839	215172	0.9945
hg38_dna	215172	215505	0.9952
hg38_dna	215506	215839	0.9981
hg38_dna	215839	216173	0.9812
hg38_dna	216173	216507	0.9975
hg38_dna	216507	216840	0.997
hg38_dna	216840	217173	0.7557
hg38_dna	217173	217506	0.9997
hg38_dna	217506	217839	0.9938
hg38_dna	217839	218172	0.9962
hg38_dna	218172	218505	0.9978
hg38_dna	218839	219173	0.991
hg38_dna	219173	219506	0.9968
hg38_dna	219506	219839	0.9975
hg38_dna	219839	220172	0.9967
hg38_dna	220172	220505	0.9923
hg38_dna	220505	220838	0.9801
hg38_dna	220838	221171	0.988
hg38_dna	221171	221504	0.997
hg38_dna	221505	221838	0.9996
hg38_dna	221838	222172	0.9962
hg38_dna	222172	222506	0.9948
hg38_dna	222506	222839	0.9944
hg38_dna	222839	223172	0.9954
hg38_dna	223172	223505	0.9974
hg38_dna	223505	223838	0.9993
hg38_dna	223838	224171	0.9992
hg38_dna	224171	224504	0.9986
hg38_dna	224505	224838	0.9561
hg38_dna	225172	225506	0.9993
hg38_dna	225506	225839	0.9993
hg38_dna	226505	226838	0.9773
hg38_dna	226838	227171	0.9937
hg38_dna	227171	227504	0.9798
hg38_dna	227505	227838	0.9961
hg38_dna	227838	228172	0.9905
hg38_dna	228172	228506	0.9998
hg38_dna	228506	228839	0.9991
hg38_dna	228839	229172	0.9995
hg38_dna	229172	229505	0.9982
hg38_dna	229505	229838	0.9802
hg38_dna	229838	230171	0.9833
hg38_dna	230171	230504	0.9999
hg38_dna	230505	230838	0.9976
hg38_dna	230838	231172	0.9982
hg38_dna	231172	231506	0.9958
hg38_dna	231506	231839	0.9961
hg38_dna	231839	232172	0.9965
hg38_dna	232172	232505	0.9961
hg38_dna	232505	232838	0.9969
hg38_dna	232838	233171	0.9943
hg38_dna	233171	233504	0.9936
hg38_dna	233505	233838	0.9829
hg38_dna	233838	234172	0.9988
hg38_dna	234172	234506	0.953
hg38_dna	234506	234839	0.9982
hg38_dna	234839	235172	0.9943
hg38_dna	235505	235838	0.9971
hg38_dna	235838	236171	0.9933
hg38_dna	236171	236504	0.9983
hg38_dna	236505	236838	0.9113
hg38_dna	236838	237172	0.9998
hg38_dna	237172	237506	0.8902
hg38_dna	237506	237839	0.9798
hg38_dna	237839	238172	0.863
hg38_dna	238172	238505	0.8568
hg38_dna	238505	238838	0.9926
hg38_dna	238838	239171	0.9726
hg38_dna	239171	239504	0.9886
hg38_dna	239505	239838	0.9987
hg38_dna	239838	240172	0.9983
hg38_dna	240172	240506	0.9968
hg38_dna	240506	240839	0.998
hg38_dna	240839	241172	0.9999
hg38_dna	241172	241505	0.9997
hg38_dna	241505	241838	0.9992
hg38_dna	241838	242171	0.9999
hg38_dna	242171	242504	0.9992
hg38_dna	242505	242838	0.9833
hg38_dna	242838	243172	0.9851
hg38_dna	243172	243506	0.9722
hg38_dna	243506	243839	0.8582
hg38_dna	243839	244172	0.9499
hg38_dna	244172	244505	0.947
hg38_dna	244505	244838	0.6248
hg38_dna	244838	245171	0.9902
hg38_dna	245171	245504	0.9032
hg38_dna	245505	245838	0.9935
hg38_dna	245838	246171	0.9918
hg38_dna	246171	246504	0.9956
hg38_dna	246504	246837	0.9929
hg38_dna	246837	247170	0.9925
hg38_dna	247170	247503	0.9926
hg38_dna	247503	247836	0.9921
hg38_dna	247836	248169	0.9966
hg38_dna	248169	248502	0.9967
hg38_dna	248503	248836	0.9737
hg38_dna	248836	249170	0.9789
hg38_dna	249170	249504	0.991
hg38_dna	249504	249837	0.9976
hg38_dna	249837	250170	0.9303
hg38_dna	250170	250503	0.9588
hg38_dna	250503	250836	0.9959
hg38_dna	250836	251169	0.9935
hg38_dna	251169	251502	0.9938
hg38_dna	251835	252168	0.996
hg38_dna	252168	252501	0.9934
hg38_dna	252501	252833	0.9998
hg38_dna	252833	253165	0.9972
hg38_dna	253165	253497	0.9677
hg38_dna	253497	253829	0.9826
hg38_dna	253829	254161	0.9983
hg38_dna	254161	254493	0.9949
